-2.40	-2.10	0.0	10.0		0.000	0.000	0.001	0.000	0.000
-2.40	-2.10	10.0	20.0		0.000	0.000	0.000	0.001	0.000
-2.40	-2.10	20.0	23.0		0.001	0.001	0.001	0.000	0.001
-2.40	-2.10	23.0	25.0		0.366	0.009	0.009	0.024	0.000
-2.40	-2.10	25.0	26.0		0.730	0.011	0.011	0.019	0.000
-2.40	-2.10	26.0	27.0		0.740	0.010	0.010	0.018	0.013
-2.40	-2.10	27.0	28.0		0.751	0.010	0.009	0.000	0.015
-2.40	-2.10	28.0	29.0		0.781	0.009	0.008	0.020	0.000
-2.40	-2.10	29.0	30.0		0.798	0.008	0.008	0.017	0.003
-2.40	-2.10	30.0	35.0		0.813	0.003	0.003	0.002	0.001
-2.40	-2.10	35.0	40.0		0.848	0.002	0.002	0.004	0.001
-2.40	-2.10	40.0	45.0		0.864	0.002	0.002	0.003	0.000
-2.40	-2.10	45.0	50.0		0.869	0.003	0.003	0.001	0.003
-2.40	-2.10	50.0	60.0		0.882	0.003	0.003	0.009	0.000
-2.40	-2.10	60.0	100.0		0.866	0.004	0.004	0.000	0.018
-2.40	-2.10	100.0	200.0		0.891	0.013	0.012	0.036	0.000
-2.10	-1.60	0.0	10.0		0.000	0.000	0.001	0.000	0.000
-2.10	-1.60	10.0	20.0		0.000	0.000	0.000	0.000	0.000
-2.10	-1.60	20.0	23.0		0.000	0.000	0.000	0.000	0.001
-2.10	-1.60	23.0	25.0		0.442	0.007	0.007	0.009	0.011
-2.10	-1.60	25.0	26.0		0.838	0.007	0.006	0.000	0.022
-2.10	-1.60	26.0	27.0		0.855	0.006	0.006	0.004	0.008
-2.10	-1.60	27.0	28.0		0.859	0.006	0.005	0.010	0.005
-2.10	-1.60	28.0	29.0		0.865	0.005	0.005	0.013	0.001
-2.10	-1.60	29.0	30.0		0.871	0.005	0.005	0.018	0.000
-2.10	-1.60	30.0	35.0		0.879	0.002	0.002	0.005	0.000
-2.10	-1.60	35.0	40.0		0.896	0.001	0.001	0.001	0.002
-2.10	-1.60	40.0	45.0		0.911	0.001	0.001	0.001	0.000
-2.10	-1.60	45.0	50.0		0.918	0.001	0.001	0.001	0.001
-2.10	-1.60	50.0	60.0		0.919	0.002	0.002	0.000	0.003
-2.10	-1.60	60.0	100.0		0.920	0.002	0.002	0.001	0.002
-2.10	-1.60	100.0	200.0		0.921	0.007	0.006	0.010	0.000
-1.60	-1.20	0.0	10.0		0.000	0.000	0.001	0.000	0.000
-1.60	-1.20	10.0	20.0		0.003	0.001	0.001	0.000	0.000
-1.60	-1.20	20.0	23.0		0.012	0.001	0.002	0.005	0.000
-1.60	-1.20	23.0	25.0		0.470	0.007	0.007	0.025	0.000
-1.60	-1.20	25.0	26.0		0.854	0.007	0.007	0.000	0.011
-1.60	-1.20	26.0	27.0		0.871	0.006	0.006	0.000	0.008
-1.60	-1.20	27.0	28.0		0.878	0.006	0.006	0.015	0.010
-1.60	-1.20	28.0	29.0		0.887	0.005	0.005	0.010	0.000
-1.60	-1.20	29.0	30.0		0.888	0.005	0.005	0.007	0.006
-1.60	-1.20	30.0	35.0		0.904	0.002	0.002	0.005	0.000
-1.60	-1.20	35.0	40.0		0.922	0.001	0.001	0.000	0.004
-1.60	-1.20	40.0	45.0		0.935	0.001	0.001	0.001	0.001
-1.60	-1.20	45.0	50.0		0.941	0.001	0.001	0.000	0.003
-1.60	-1.20	50.0	60.0		0.944	0.001	0.001	0.001	0.001
-1.60	-1.20	60.0	100.0		0.948	0.002	0.002	0.002	0.001
-1.60	-1.20	100.0	200.0		0.949	0.005	0.005	0.005	0.000
-1.20	-0.80	0.0	10.0		0.000	0.000	0.002	0.000	0.000
-1.20	-0.80	10.0	20.0		0.000	0.000	0.000	0.000	0.000
-1.20	-0.80	20.0	23.0		0.001	0.000	0.001	0.001	0.000
-1.20	-0.80	23.0	25.0		0.458	0.007	0.007	0.025	0.000
-1.20	-0.80	25.0	26.0		0.846	0.007	0.006	0.003	0.005
-1.20	-0.80	26.0	27.0		0.864	0.006	0.006	0.003	0.008
-1.20	-0.80	27.0	28.0		0.883	0.005	0.005	0.016	0.000
-1.20	-0.80	28.0	29.0		0.884	0.005	0.005	0.002	0.006
-1.20	-0.80	29.0	30.0		0.900	0.004	0.004	0.012	0.001
-1.20	-0.80	30.0	35.0		0.909	0.002	0.002	0.004	0.003
-1.20	-0.80	35.0	40.0		0.928	0.001	0.001	0.000	0.002
-1.20	-0.80	40.0	45.0		0.939	0.001	0.001	0.001	0.001
-1.20	-0.80	45.0	50.0		0.944	0.001	0.001	0.000	0.001
-1.20	-0.80	50.0	60.0		0.946	0.001	0.001	0.003	0.000
-1.20	-0.80	60.0	100.0		0.946	0.002	0.002	0.000	0.002
-1.20	-0.80	100.0	200.0		0.944	0.005	0.005	0.002	0.009
-0.80	-0.30	0.0	10.0		0.000	0.000	0.002	0.000	0.000
-0.80	-0.30	10.0	20.0		0.000	0.000	0.000	0.000	0.000
-0.80	-0.30	20.0	23.0		0.000	0.000	0.000	0.000	0.000
-0.80	-0.30	23.0	25.0		0.472	0.005	0.005	0.011	0.000
-0.80	-0.30	25.0	26.0		0.892	0.004	0.004	0.005	0.001
-0.80	-0.30	26.0	27.0		0.900	0.004	0.004	0.009	0.000
-0.80	-0.30	27.0	28.0		0.908	0.004	0.004	0.004	0.003
-0.80	-0.30	28.0	29.0		0.909	0.003	0.003	0.000	0.008
-0.80	-0.30	29.0	30.0		0.923	0.003	0.003	0.005	0.004
-0.80	-0.30	30.0	35.0		0.937	0.001	0.001	0.003	0.001
-0.80	-0.30	35.0	40.0		0.952	0.001	0.001	0.000	0.002
-0.80	-0.30	40.0	45.0		0.962	0.001	0.001	0.000	0.001
-0.80	-0.30	45.0	50.0		0.968	0.001	0.001	0.000	0.000
-0.80	-0.30	50.0	60.0		0.969	0.001	0.001	0.000	0.001
-0.80	-0.30	60.0	100.0		0.970	0.001	0.001	0.000	0.001
-0.80	-0.30	100.0	200.0		0.966	0.003	0.003	0.007	0.000
-0.30	-0.20	0.0	10.0		0.000	0.000	0.017	0.000	0.000
-0.30	-0.20	10.0	20.0		0.000	0.000	0.001	0.000	0.000
-0.30	-0.20	20.0	23.0		0.000	0.000	0.001	0.000	0.000
-0.30	-0.20	23.0	25.0		0.429	0.012	0.012	0.005	0.012
-0.30	-0.20	25.0	26.0		0.835	0.012	0.012	0.039	0.000
-0.30	-0.20	26.0	27.0		0.851	0.011	0.010	0.001	0.006
-0.30	-0.20	27.0	28.0		0.875	0.010	0.009	0.002	0.010
-0.30	-0.20	28.0	29.0		0.873	0.009	0.008	0.000	0.010
-0.30	-0.20	29.0	30.0		0.871	0.009	0.008	0.000	0.024
-0.30	-0.20	30.0	35.0		0.894	0.003	0.003	0.011	0.000
-0.30	-0.20	35.0	40.0		0.913	0.002	0.002	0.001	0.003
-0.30	-0.20	40.0	45.0		0.921	0.002	0.002	0.000	0.002
-0.30	-0.20	45.0	50.0		0.925	0.003	0.002	0.000	0.008
-0.30	-0.20	50.0	60.0		0.930	0.003	0.003	0.003	0.000
-0.30	-0.20	60.0	100.0		0.927	0.004	0.004	0.002	0.006
-0.30	-0.20	100.0	200.0		0.919	0.013	0.011	0.000	0.005
-0.20	0.20	0.0	10.0		0.000	0.000	0.004	0.000	0.000
-0.20	0.20	10.0	20.0		0.000	0.000	0.000	0.000	0.000
-0.20	0.20	20.0	23.0		0.000	0.000	0.000	0.000	0.000
-0.20	0.20	23.0	25.0		0.464	0.006	0.006	0.009	0.004
-0.20	0.20	25.0	26.0		0.885	0.005	0.005	0.005	0.005
-0.20	0.20	26.0	27.0		0.894	0.004	0.004	0.005	0.002
-0.20	0.20	27.0	28.0		0.903	0.004	0.004	0.005	0.000
-0.20	0.20	28.0	29.0		0.907	0.004	0.004	0.000	0.008
-0.20	0.20	29.0	30.0		0.927	0.003	0.003	0.008	0.000
-0.20	0.20	30.0	35.0		0.935	0.001	0.001	0.004	0.002
-0.20	0.20	35.0	40.0		0.950	0.001	0.001	0.000	0.002
-0.20	0.20	40.0	45.0		0.960	0.001	0.001	0.000	0.002
-0.20	0.20	45.0	50.0		0.966	0.001	0.001	0.000	0.001
-0.20	0.20	50.0	60.0		0.969	0.001	0.001	0.000	0.002
-0.20	0.20	60.0	100.0		0.971	0.001	0.001	0.003	0.000
-0.20	0.20	100.0	200.0		0.958	0.004	0.004	0.000	0.009
0.20	0.30	0.0	10.0		0.000	0.000	0.018	0.000	0.000
0.20	0.30	10.0	20.0		0.000	0.000	0.001	0.001	0.000
0.20	0.30	20.0	23.0		0.001	0.000	0.001	0.001	0.000
0.20	0.30	23.0	25.0		0.428	0.012	0.012	0.011	0.013
0.20	0.30	25.0	26.0		0.836	0.012	0.012	0.011	0.019
0.20	0.30	26.0	27.0		0.848	0.011	0.010	0.016	0.016
0.20	0.30	27.0	28.0		0.868	0.010	0.009	0.017	0.006
0.20	0.30	28.0	29.0		0.867	0.009	0.009	0.004	0.011
0.20	0.30	29.0	30.0		0.878	0.009	0.008	0.000	0.009
0.20	0.30	30.0	35.0		0.893	0.003	0.003	0.005	0.001
0.20	0.30	35.0	40.0		0.906	0.002	0.002	0.000	0.006
0.20	0.30	40.0	45.0		0.924	0.002	0.002	0.004	0.001
0.20	0.30	45.0	50.0		0.934	0.002	0.002	0.007	0.000
0.20	0.30	50.0	60.0		0.928	0.003	0.003	0.000	0.008
0.20	0.30	60.0	100.0		0.935	0.004	0.004	0.004	0.006
0.20	0.30	100.0	200.0		0.920	0.013	0.012	0.002	0.017
0.30	0.80	0.0	10.0		0.000	0.000	0.002	0.000	0.000
0.30	0.80	10.0	20.0		0.000	0.000	0.000	0.000	0.000
0.30	0.80	20.0	23.0		0.000	0.000	0.000	0.000	0.000
0.30	0.80	23.0	25.0		0.458	0.005	0.005	0.006	0.003
0.30	0.80	25.0	26.0		0.882	0.005	0.005	0.005	0.004
0.30	0.80	26.0	27.0		0.901	0.004	0.004	0.007	0.001
0.30	0.80	27.0	28.0		0.905	0.004	0.004	0.012	0.004
0.30	0.80	28.0	29.0		0.920	0.003	0.003	0.002	0.007
0.30	0.80	29.0	30.0		0.926	0.003	0.003	0.012	0.000
0.30	0.80	30.0	35.0		0.936	0.001	0.001	0.002	0.000
0.30	0.80	35.0	40.0		0.951	0.001	0.001	0.001	0.000
0.30	0.80	40.0	45.0		0.963	0.001	0.001	0.001	0.000
0.30	0.80	45.0	50.0		0.967	0.001	0.001	0.000	0.001
0.30	0.80	50.0	60.0		0.968	0.001	0.001	0.001	0.001
0.30	0.80	60.0	100.0		0.970	0.001	0.001	0.001	0.000
0.30	0.80	100.0	200.0		0.968	0.003	0.003	0.012	0.000
0.80	1.20	0.0	10.0		0.000	0.000	0.002	0.000	0.000
0.80	1.20	10.0	20.0		0.000	0.000	0.000	0.000	0.000
0.80	1.20	20.0	23.0		0.001	0.000	0.001	0.000	0.001
0.80	1.20	23.0	25.0		0.450	0.007	0.007	0.008	0.007
0.80	1.20	25.0	26.0		0.864	0.006	0.006	0.004	0.006
0.80	1.20	26.0	27.0		0.878	0.006	0.006	0.002	0.003
0.80	1.20	27.0	28.0		0.891	0.005	0.005	0.006	0.000
0.80	1.20	28.0	29.0		0.894	0.005	0.005	0.005	0.003
0.80	1.20	29.0	30.0		0.900	0.005	0.004	0.005	0.000
0.80	1.20	30.0	35.0		0.915	0.002	0.001	0.001	0.003
0.80	1.20	35.0	40.0		0.934	0.001	0.001	0.002	0.000
0.80	1.20	40.0	45.0		0.945	0.001	0.001	0.001	0.000
0.80	1.20	45.0	50.0		0.950	0.001	0.001	0.001	0.002
0.80	1.20	50.0	60.0		0.948	0.001	0.001	0.001	0.002
0.80	1.20	60.0	100.0		0.952	0.002	0.002	0.002	0.001
0.80	1.20	100.0	200.0		0.944	0.005	0.005	0.000	0.016
1.20	1.60	0.0	10.0		0.000	0.000	0.001	0.000	0.000
1.20	1.60	10.0	20.0		0.002	0.001	0.001	0.002	0.001
1.20	1.60	20.0	23.0		0.010	0.001	0.002	0.001	0.001
1.20	1.60	23.0	25.0		0.443	0.007	0.007	0.000	0.014
1.20	1.60	25.0	26.0		0.850	0.007	0.007	0.000	0.014
1.20	1.60	26.0	27.0		0.861	0.006	0.006	0.000	0.019
1.20	1.60	27.0	28.0		0.870	0.006	0.006	0.006	0.009
1.20	1.60	28.0	29.0		0.887	0.005	0.005	0.012	0.000
1.20	1.60	29.0	30.0		0.890	0.005	0.005	0.011	0.004
1.20	1.60	30.0	35.0		0.904	0.002	0.002	0.003	0.001
1.20	1.60	35.0	40.0		0.921	0.001	0.001	0.003	0.000
1.20	1.60	40.0	45.0		0.932	0.001	0.001	0.001	0.002
1.20	1.60	45.0	50.0		0.937	0.001	0.001	0.001	0.003
1.20	1.60	50.0	60.0		0.942	0.001	0.001	0.000	0.003
1.20	1.60	60.0	100.0		0.948	0.002	0.002	0.003	0.000
1.20	1.60	100.0	200.0		0.944	0.005	0.005	0.004	0.010
1.60	2.10	0.0	10.0		0.000	0.000	0.001	0.000	0.000
1.60	2.10	10.0	20.0		0.000	0.000	0.000	0.000	0.000
1.60	2.10	20.0	23.0		0.000	0.000	0.000	0.000	0.000
1.60	2.10	23.0	25.0		0.441	0.007	0.007	0.000	0.012
1.60	2.10	25.0	26.0		0.836	0.007	0.006	0.000	0.014
1.60	2.10	26.0	27.0		0.861	0.006	0.006	0.019	0.000
1.60	2.10	27.0	28.0		0.873	0.005	0.005	0.000	0.005
1.60	2.10	28.0	29.0		0.878	0.005	0.005	0.018	0.000
1.60	2.10	29.0	30.0		0.861	0.005	0.005	0.003	0.009
1.60	2.10	30.0	35.0		0.883	0.002	0.002	0.004	0.005
1.60	2.10	35.0	40.0		0.899	0.001	0.001	0.000	0.004
1.60	2.10	40.0	45.0		0.913	0.001	0.001	0.002	0.001
1.60	2.10	45.0	50.0		0.919	0.001	0.001	0.001	0.002
1.60	2.10	50.0	60.0		0.922	0.002	0.002	0.003	0.000
1.60	2.10	60.0	100.0		0.920	0.002	0.002	0.003	0.000
1.60	2.10	100.0	200.0		0.915	0.007	0.006	0.003	0.002
2.10	2.40	0.0	10.0		0.000	0.000	0.001	0.000	0.000
2.10	2.40	10.0	20.0		0.000	0.000	0.000	0.001	0.000
2.10	2.40	20.0	23.0		0.001	0.000	0.001	0.001	0.000
2.10	2.40	23.0	25.0		0.368	0.009	0.009	0.007	0.018
2.10	2.40	25.0	26.0		0.719	0.011	0.011	0.004	0.006
2.10	2.40	26.0	27.0		0.737	0.010	0.010	0.009	0.016
2.10	2.40	27.0	28.0		0.751	0.009	0.009	0.000	0.012
2.10	2.40	28.0	29.0		0.755	0.009	0.009	0.000	0.016
2.10	2.40	29.0	30.0		0.775	0.008	0.008	0.000	0.023
2.10	2.40	30.0	35.0		0.813	0.003	0.003	0.005	0.004
2.10	2.40	35.0	40.0		0.840	0.002	0.002	0.002	0.000
2.10	2.40	40.0	45.0		0.854	0.002	0.002	0.002	0.006
2.10	2.40	45.0	50.0		0.867	0.003	0.003	0.005	0.000
2.10	2.40	50.0	60.0		0.873	0.003	0.003	0.002	0.000
2.10	2.40	60.0	100.0		0.871	0.004	0.004	0.001	0.006
2.10	2.40	100.0	200.0		0.894	0.012	0.011	0.035	0.000
