-2.50	-2.40	5.0	15.0		0.000	0.000	0.007	0.000	0.000
-2.50	-2.40	15.0	25.0		0.000	0.000	0.002	0.000	0.000
-2.50	-2.40	25.0	31.0		0.000	0.000	0.001	0.000	0.000
-2.50	-2.40	31.0	32.5		0.002	0.002	0.005	0.000	0.000
-2.50	-2.40	32.5	33.5		0.006	0.004	0.008	0.000	0.000
-2.50	-2.40	33.5	34.5		0.060	0.013	0.015	0.024	0.024
-2.50	-2.40	34.5	35.5		0.123	0.016	0.018	0.027	0.027
-2.50	-2.40	35.5	36.5		0.270	0.020	0.021	0.026	0.026
-2.50	-2.40	36.5	37.5		0.428	0.023	0.023	0.000	0.000
-2.50	-2.40	37.5	39.0		0.542	0.017	0.017	0.039	0.039
-2.50	-2.40	39.0	42.5		0.650	0.010	0.009	0.014	0.014
-2.50	-2.40	42.5	47.5		0.706	0.008	0.008	0.000	0.000
-2.50	-2.40	47.5	55.0		0.732	0.010	0.010	0.011	0.011
-2.50	-2.40	55.0	80.0		0.770	0.018	0.017	0.032	0.032
-2.50	-2.40	80.0	150.0		0.811	0.042	0.037	0.000	0.000
-2.40	-2.30	5.0	15.0		0.000	0.000	0.008	0.000	0.000
-2.40	-2.30	15.0	25.0		0.000	0.000	0.002	0.000	0.000
-2.40	-2.30	25.0	31.0		0.000	0.000	0.001	0.000	0.000
-2.40	-2.30	31.0	32.5		0.000	0.000	0.004	0.000	0.000
-2.40	-2.30	32.5	33.5		0.000	0.000	0.005	0.000	0.000
-2.40	-2.30	33.5	34.5		0.019	0.007	0.010	0.011	0.011
-2.40	-2.30	34.5	35.5		0.102	0.014	0.016	0.000	0.000
-2.40	-2.30	35.5	36.5		0.204	0.019	0.020	0.025	0.025
-2.40	-2.30	36.5	37.5		0.425	0.024	0.024	0.000	0.000
-2.40	-2.30	37.5	39.0		0.650	0.016	0.016	0.033	0.033
-2.40	-2.30	39.0	42.5		0.809	0.008	0.008	0.000	0.000
-2.40	-2.30	42.5	47.5		0.862	0.005	0.005	0.008	0.008
-2.40	-2.30	47.5	55.0		0.875	0.007	0.007	0.000	0.000
-2.40	-2.30	55.0	80.0		0.898	0.013	0.012	0.000	0.000
-2.40	-2.30	80.0	150.0		0.989	0.026	0.010	0.057	0.057
-2.30	-2.20	5.0	15.0		0.000	0.000	0.007	0.000	0.000
-2.30	-2.20	15.0	25.0		0.000	0.000	0.002	0.000	0.000
-2.30	-2.20	25.0	31.0		0.000	0.000	0.001	0.000	0.000
-2.30	-2.20	31.0	32.5		0.000	0.000	0.004	0.000	0.000
-2.30	-2.20	32.5	33.5		0.002	0.002	0.006	0.000	0.000
-2.30	-2.20	33.5	34.5		0.011	0.005	0.008	0.009	0.009
-2.30	-2.20	34.5	35.5		0.069	0.012	0.013	0.018	0.018
-2.30	-2.20	35.5	36.5		0.237	0.018	0.019	0.000	0.000
-2.30	-2.20	36.5	37.5		0.446	0.020	0.021	0.043	0.043
-2.30	-2.20	37.5	39.0		0.697	0.015	0.015	0.022	0.022
-2.30	-2.20	39.0	42.5		0.828	0.007	0.007	0.007	0.007
-2.30	-2.20	42.5	47.5		0.871	0.005	0.005	0.000	0.000
-2.30	-2.20	47.5	55.0		0.878	0.007	0.007	0.000	0.000
-2.30	-2.20	55.0	80.0		0.896	0.013	0.012	0.021	0.021
-2.30	-2.20	80.0	150.0		0.918	0.033	0.025	0.049	0.049
-2.20	-2.10	5.0	15.0		0.000	0.000	0.006	0.000	0.000
-2.20	-2.10	15.0	25.0		0.000	0.000	0.002	0.000	0.000
-2.20	-2.10	25.0	31.0		0.003	0.001	0.002	0.000	0.000
-2.20	-2.10	31.0	32.5		0.011	0.004	0.006	0.008	0.008
-2.20	-2.10	32.5	33.5		0.008	0.004	0.008	0.000	0.000
-2.20	-2.10	33.5	34.5		0.013	0.005	0.007	0.010	0.010
-2.20	-2.10	34.5	35.5		0.071	0.011	0.013	0.000	0.000
-2.20	-2.10	35.5	36.5		0.190	0.016	0.017	0.042	0.042
-2.20	-2.10	36.5	37.5		0.409	0.021	0.022	0.057	0.057
-2.20	-2.10	37.5	39.0		0.651	0.015	0.014	0.032	0.032
-2.20	-2.10	39.0	42.5		0.825	0.007	0.007	0.014	0.014
-2.20	-2.10	42.5	47.5		0.859	0.005	0.005	0.000	0.000
-2.20	-2.10	47.5	55.0		0.890	0.006	0.006	0.012	0.012
-2.20	-2.10	55.0	80.0		0.904	0.012	0.010	0.013	0.013
-2.20	-2.10	80.0	150.0		0.896	0.033	0.027	0.048	0.048
-2.10	-1.57	5.0	15.0		0.001	0.000	0.001	0.000	0.000
-2.10	-1.57	15.0	25.0		0.003	0.001	0.001	0.003	0.003
-2.10	-1.57	25.0	31.0		0.007	0.001	0.001	0.001	0.001
-2.10	-1.57	31.0	32.5		0.007	0.001	0.002	0.000	0.000
-2.10	-1.57	32.5	33.5		0.014	0.002	0.002	0.000	0.000
-2.10	-1.57	33.5	34.5		0.035	0.003	0.004	0.008	0.008
-2.10	-1.57	34.5	35.5		0.122	0.005	0.005	0.009	0.009
-2.10	-1.57	35.5	36.5		0.298	0.007	0.007	0.016	0.016
-2.10	-1.57	36.5	37.5		0.508	0.007	0.007	0.028	0.028
-2.10	-1.57	37.5	39.0		0.692	0.005	0.005	0.009	0.009
-2.10	-1.57	39.0	42.5		0.831	0.002	0.002	0.003	0.003
-2.10	-1.57	42.5	47.5		0.884	0.002	0.002	0.000	0.000
-2.10	-1.57	47.5	55.0		0.901	0.002	0.002	0.005	0.005
-2.10	-1.57	55.0	80.0		0.904	0.004	0.004	0.005	0.005
-2.10	-1.57	80.0	150.0		0.943	0.008	0.008	0.000	0.000
-1.57	-1.44	5.0	15.0		0.000	0.000	0.008	0.000	0.000
-1.57	-1.44	15.0	25.0		0.006	0.002	0.003	0.007	0.007
-1.57	-1.44	25.0	31.0		0.016	0.003	0.004	0.000	0.000
-1.57	-1.44	31.0	32.5		0.030	0.007	0.009	0.013	0.013
-1.57	-1.44	32.5	33.5		0.078	0.012	0.014	0.014	0.014
-1.57	-1.44	33.5	34.5		0.128	0.015	0.016	0.036	0.036
-1.57	-1.44	34.5	35.5		0.277	0.019	0.019	0.050	0.050
-1.57	-1.44	35.5	36.5		0.482	0.019	0.019	0.000	0.000
-1.57	-1.44	36.5	37.5		0.627	0.018	0.017	0.000	0.000
-1.57	-1.44	37.5	39.0		0.725	0.013	0.013	0.014	0.014
-1.57	-1.44	39.0	42.5		0.794	0.007	0.007	0.000	0.000
-1.57	-1.44	42.5	47.5		0.840	0.006	0.006	0.000	0.000
-1.57	-1.44	47.5	55.0		0.841	0.008	0.008	0.017	0.017
-1.57	-1.44	55.0	80.0		0.881	0.014	0.013	0.029	0.029
-1.57	-1.44	80.0	150.0		0.897	0.032	0.026	0.052	0.052
-1.44	-0.80	5.0	15.0		0.000	0.000	0.001	0.000	0.000
-1.44	-0.80	15.0	25.0		0.002	0.000	0.001	0.002	0.002
-1.44	-0.80	25.0	31.0		0.004	0.000	0.001	0.002	0.002
-1.44	-0.80	31.0	32.5		0.007	0.001	0.001	0.000	0.000
-1.44	-0.80	32.5	33.5		0.027	0.002	0.002	0.000	0.000
-1.44	-0.80	33.5	34.5		0.153	0.005	0.005	0.006	0.006
-1.44	-0.80	34.5	35.5		0.445	0.006	0.006	0.006	0.006
-1.44	-0.80	35.5	36.5		0.673	0.005	0.005	0.021	0.021
-1.44	-0.80	36.5	37.5		0.766	0.005	0.005	0.008	0.008
-1.44	-0.80	37.5	39.0		0.796	0.003	0.003	0.005	0.005
-1.44	-0.80	39.0	42.5		0.830	0.002	0.002	0.005	0.005
-1.44	-0.80	42.5	47.5		0.842	0.002	0.002	0.005	0.005
-1.44	-0.80	47.5	55.0		0.859	0.002	0.002	0.004	0.004
-1.44	-0.80	55.0	80.0		0.890	0.004	0.004	0.006	0.006
-1.44	-0.80	80.0	150.0		0.916	0.008	0.007	0.015	0.015
-0.80	-0.40	5.0	15.0		0.000	0.000	0.002	0.000	0.000
-0.80	-0.40	15.0	25.0		0.001	0.000	0.000	0.001	0.001
-0.80	-0.40	25.0	31.0		0.002	0.000	0.000	0.000	0.000
-0.80	-0.40	31.0	32.5		0.004	0.001	0.001	0.000	0.000
-0.80	-0.40	32.5	33.5		0.017	0.002	0.002	0.000	0.000
-0.80	-0.40	33.5	34.5		0.124	0.005	0.005	0.000	0.000
-0.80	-0.40	34.5	35.5		0.491	0.008	0.008	0.000	0.000
-0.80	-0.40	35.5	36.5		0.730	0.006	0.006	0.015	0.015
-0.80	-0.40	36.5	37.5		0.802	0.006	0.005	0.000	0.000
-0.80	-0.40	37.5	39.0		0.807	0.004	0.004	0.000	0.000
-0.80	-0.40	39.0	42.5		0.826	0.002	0.002	0.004	0.004
-0.80	-0.40	42.5	47.5		0.840	0.002	0.002	0.002	0.002
-0.80	-0.40	47.5	55.0		0.862	0.003	0.003	0.004	0.004
-0.80	-0.40	55.0	80.0		0.889	0.004	0.004	0.009	0.009
-0.80	-0.40	80.0	150.0		0.932	0.008	0.008	0.012	0.012
-0.40	0.00	5.0	15.0		0.000	0.000	0.002	0.000	0.000
-0.40	0.00	15.0	25.0		0.000	0.000	0.000	0.000	0.000
-0.40	0.00	25.0	31.0		0.002	0.000	0.000	0.001	0.001
-0.40	0.00	31.0	32.5		0.003	0.001	0.001	0.001	0.001
-0.40	0.00	32.5	33.5		0.014	0.002	0.002	0.006	0.006
-0.40	0.00	33.5	34.5		0.117	0.005	0.005	0.009	0.009
-0.40	0.00	34.5	35.5		0.557	0.008	0.008	0.013	0.013
-0.40	0.00	35.5	36.5		0.779	0.006	0.006	0.000	0.000
-0.40	0.00	36.5	37.5		0.811	0.005	0.005	0.013	0.013
-0.40	0.00	37.5	39.0		0.818	0.004	0.004	0.005	0.005
-0.40	0.00	39.0	42.5		0.830	0.002	0.002	0.000	0.000
-0.40	0.00	42.5	47.5		0.841	0.002	0.002	0.006	0.006
-0.40	0.00	47.5	55.0		0.865	0.003	0.002	0.007	0.007
-0.40	0.00	55.0	80.0		0.900	0.004	0.004	0.007	0.007
-0.40	0.00	80.0	150.0		0.939	0.008	0.007	0.000	0.000
0.00	0.40	5.0	15.0		0.000	0.000	0.002	0.000	0.000
0.00	0.40	15.0	25.0		0.000	0.000	0.000	0.000	0.000
0.00	0.40	25.0	31.0		0.001	0.000	0.000	0.001	0.001
0.00	0.40	31.0	32.5		0.004	0.001	0.001	0.000	0.000
0.00	0.40	32.5	33.5		0.009	0.002	0.002	0.000	0.000
0.00	0.40	33.5	34.5		0.117	0.005	0.006	0.013	0.013
0.00	0.40	34.5	35.5		0.556	0.008	0.008	0.011	0.011
0.00	0.40	35.5	36.5		0.781	0.006	0.006	0.013	0.013
0.00	0.40	36.5	37.5		0.803	0.006	0.005	0.000	0.000
0.00	0.40	37.5	39.0		0.808	0.004	0.004	0.015	0.015
0.00	0.40	39.0	42.5		0.829	0.002	0.002	0.003	0.003
0.00	0.40	42.5	47.5		0.836	0.002	0.002	0.002	0.002
0.00	0.40	47.5	55.0		0.857	0.003	0.003	0.000	0.000
0.00	0.40	55.0	80.0		0.882	0.004	0.004	0.006	0.006
0.00	0.40	80.0	150.0		0.949	0.007	0.007	0.039	0.039
0.40	0.80	5.0	15.0		0.000	0.000	0.002	0.000	0.000
0.40	0.80	15.0	25.0		0.000	0.000	0.000	0.000	0.000
0.40	0.80	25.0	31.0		0.001	0.000	0.000	0.000	0.000
0.40	0.80	31.0	32.5		0.004	0.001	0.001	0.000	0.000
0.40	0.80	32.5	33.5		0.014	0.002	0.002	0.000	0.000
0.40	0.80	33.5	34.5		0.132	0.005	0.006	0.010	0.010
0.40	0.80	34.5	35.5		0.498	0.008	0.008	0.000	0.000
0.40	0.80	35.5	36.5		0.756	0.006	0.006	0.000	0.000
0.40	0.80	36.5	37.5		0.803	0.005	0.005	0.000	0.000
0.40	0.80	37.5	39.0		0.819	0.004	0.004	0.006	0.006
0.40	0.80	39.0	42.5		0.830	0.002	0.002	0.000	0.000
0.40	0.80	42.5	47.5		0.845	0.002	0.002	0.002	0.002
0.40	0.80	47.5	55.0		0.864	0.003	0.003	0.000	0.000
0.40	0.80	55.0	80.0		0.893	0.004	0.004	0.007	0.007
0.40	0.80	80.0	150.0		0.917	0.009	0.008	0.020	0.020
0.80	1.44	5.0	15.0		0.000	0.000	0.001	0.000	0.000
0.80	1.44	15.0	25.0		0.000	0.000	0.000	0.000	0.000
0.80	1.44	25.0	31.0		0.002	0.000	0.000	0.000	0.000
0.80	1.44	31.0	32.5		0.004	0.001	0.001	0.001	0.001
0.80	1.44	32.5	33.5		0.018	0.002	0.002	0.005	0.005
0.80	1.44	33.5	34.5		0.104	0.004	0.004	0.000	0.000
0.80	1.44	34.5	35.5		0.405	0.006	0.006	0.011	0.011
0.80	1.44	35.5	36.5		0.670	0.006	0.006	0.008	0.008
0.80	1.44	36.5	37.5		0.764	0.005	0.005	0.008	0.008
0.80	1.44	37.5	39.0		0.810	0.003	0.003	0.010	0.010
0.80	1.44	39.0	42.5		0.833	0.002	0.002	0.003	0.003
0.80	1.44	42.5	47.5		0.851	0.002	0.002	0.000	0.000
0.80	1.44	47.5	55.0		0.863	0.002	0.002	0.010	0.010
0.80	1.44	55.0	80.0		0.889	0.004	0.004	0.006	0.006
0.80	1.44	80.0	150.0		0.932	0.007	0.006	0.026	0.026
1.44	1.57	5.0	15.0		0.000	0.000	0.008	0.000	0.000
1.44	1.57	15.0	25.0		0.004	0.002	0.003	0.003	0.003
1.44	1.57	25.0	31.0		0.004	0.001	0.002	0.000	0.000
1.44	1.57	31.0	32.5		0.021	0.006	0.008	0.000	0.000
1.44	1.57	32.5	33.5		0.043	0.009	0.011	0.000	0.000
1.44	1.57	33.5	34.5		0.086	0.012	0.014	0.027	0.027
1.44	1.57	34.5	35.5		0.210	0.017	0.018	0.048	0.048
1.44	1.57	35.5	36.5		0.464	0.020	0.020	0.033	0.033
1.44	1.57	36.5	37.5		0.597	0.019	0.018	0.023	0.023
1.44	1.57	37.5	39.0		0.699	0.014	0.013	0.021	0.021
1.44	1.57	39.0	42.5		0.769	0.008	0.007	0.009	0.009
1.44	1.57	42.5	47.5		0.830	0.006	0.006	0.022	0.022
1.44	1.57	47.5	55.0		0.837	0.008	0.008	0.000	0.000
1.44	1.57	55.0	80.0		0.874	0.015	0.013	0.027	0.027
1.44	1.57	80.0	150.0		0.891	0.035	0.028	0.052	0.052
1.57	2.10	5.0	15.0		0.000	0.000	0.001	0.000	0.000
1.57	2.10	15.0	25.0		0.001	0.000	0.000	0.001	0.001
1.57	2.10	25.0	31.0		0.004	0.001	0.001	0.000	0.000
1.57	2.10	31.0	32.5		0.005	0.001	0.001	0.000	0.000
1.57	2.10	32.5	33.5		0.009	0.002	0.002	0.000	0.000
1.57	2.10	33.5	34.5		0.036	0.003	0.004	0.004	0.004
1.57	2.10	34.5	35.5		0.130	0.006	0.006	0.014	0.014
1.57	2.10	35.5	36.5		0.300	0.007	0.007	0.000	0.000
1.57	2.10	36.5	37.5		0.501	0.008	0.008	0.011	0.011
1.57	2.10	37.5	39.0		0.677	0.005	0.005	0.005	0.005
1.57	2.10	39.0	42.5		0.810	0.003	0.003	0.003	0.003
1.57	2.10	42.5	47.5		0.859	0.002	0.002	0.004	0.004
1.57	2.10	47.5	55.0		0.877	0.003	0.002	0.003	0.003
1.57	2.10	55.0	80.0		0.884	0.005	0.004	0.008	0.008
1.57	2.10	80.0	150.0		0.917	0.010	0.009	0.000	0.000
2.10	2.20	5.0	15.0		0.000	0.000	0.006	0.000	0.000
2.10	2.20	15.0	25.0		0.004	0.002	0.003	0.000	0.000
2.10	2.20	25.0	31.0		0.016	0.003	0.004	0.000	0.000
2.10	2.20	31.0	32.5		0.018	0.006	0.008	0.021	0.021
2.10	2.20	32.5	33.5		0.017	0.006	0.009	0.000	0.000
2.10	2.20	33.5	34.5		0.030	0.008	0.010	0.011	0.011
2.10	2.20	34.5	35.5		0.117	0.014	0.015	0.036	0.036
2.10	2.20	35.5	36.5		0.283	0.019	0.020	0.028	0.028
2.10	2.20	36.5	37.5		0.475	0.020	0.020	0.056	0.056
2.10	2.20	37.5	39.0		0.669	0.015	0.015	0.023	0.023
2.10	2.20	39.0	42.5		0.794	0.007	0.007	0.011	0.011
2.10	2.20	42.5	47.5		0.830	0.006	0.005	0.015	0.015
2.10	2.20	47.5	55.0		0.858	0.007	0.007	0.000	0.000
2.10	2.20	55.0	80.0		0.859	0.013	0.012	0.024	0.024
2.10	2.20	80.0	150.0		0.865	0.035	0.029	0.000	0.000
2.20	2.30	5.0	15.0		0.000	0.000	0.007	0.000	0.000
2.20	2.30	15.0	25.0		0.002	0.001	0.003	0.000	0.000
2.20	2.30	25.0	31.0		0.005	0.002	0.003	0.004	0.004
2.20	2.30	31.0	32.5		0.002	0.002	0.005	0.008	0.008
2.20	2.30	32.5	33.5		0.008	0.004	0.008	0.000	0.000
2.20	2.30	33.5	34.5		0.038	0.009	0.012	0.000	0.000
2.20	2.30	34.5	35.5		0.131	0.015	0.017	0.023	0.023
2.20	2.30	35.5	36.5		0.296	0.020	0.021	0.021	0.021
2.20	2.30	36.5	37.5		0.520	0.022	0.022	0.035	0.035
2.20	2.30	37.5	39.0		0.691	0.016	0.015	0.000	0.000
2.20	2.30	39.0	42.5		0.799	0.008	0.008	0.014	0.014
2.20	2.30	42.5	47.5		0.838	0.006	0.006	0.012	0.012
2.20	2.30	47.5	55.0		0.838	0.008	0.008	0.025	0.025
2.20	2.30	55.0	80.0		0.869	0.014	0.013	0.000	0.000
2.20	2.30	80.0	150.0		0.878	0.039	0.031	0.000	0.000
2.30	2.40	5.0	15.0		0.000	0.000	0.008	0.000	0.000
2.30	2.40	15.0	25.0		0.000	0.000	0.002	0.000	0.000
2.30	2.40	25.0	31.0		0.001	0.001	0.002	0.000	0.000
2.30	2.40	31.0	32.5		0.000	0.000	0.004	0.000	0.000
2.30	2.40	32.5	33.5		0.006	0.004	0.008	0.000	0.000
2.30	2.40	33.5	34.5		0.036	0.010	0.013	0.000	0.000
2.30	2.40	34.5	35.5		0.143	0.018	0.020	0.021	0.021
2.30	2.40	35.5	36.5		0.283	0.022	0.023	0.000	0.000
2.30	2.40	36.5	37.5		0.500	0.023	0.023	0.023	0.023
2.30	2.40	37.5	39.0		0.656	0.017	0.017	0.019	0.019
2.30	2.40	39.0	42.5		0.799	0.008	0.008	0.009	0.009
2.30	2.40	42.5	47.5		0.837	0.006	0.006	0.014	0.014
2.30	2.40	47.5	55.0		0.856	0.008	0.007	0.009	0.009
2.30	2.40	55.0	80.0		0.870	0.015	0.014	0.018	0.018
2.30	2.40	80.0	150.0		0.950	0.032	0.021	0.000	0.000
2.40	2.50	5.0	15.0		0.000	0.000	0.008	0.000	0.000
2.40	2.50	15.0	25.0		0.000	0.000	0.002	0.000	0.000
2.40	2.50	25.0	31.0		0.000	0.000	0.002	0.000	0.000
2.40	2.50	31.0	32.5		0.000	0.000	0.004	0.000	0.000
2.40	2.50	32.5	33.5		0.015	0.006	0.010	0.000	0.000
2.40	2.50	33.5	34.5		0.038	0.010	0.013	0.042	0.042
2.40	2.50	34.5	35.5		0.151	0.019	0.021	0.000	0.000
2.40	2.50	35.5	36.5		0.249	0.021	0.022	0.000	0.000
2.40	2.50	36.5	37.5		0.354	0.022	0.023	0.032	0.032
2.40	2.50	37.5	39.0		0.491	0.017	0.017	0.025	0.025
2.40	2.50	39.0	42.5		0.597	0.010	0.010	0.000	0.000
2.40	2.50	42.5	47.5		0.666	0.008	0.008	0.000	0.000
2.40	2.50	47.5	55.0		0.689	0.011	0.010	0.011	0.011
2.40	2.50	55.0	80.0		0.700	0.021	0.020	0.039	0.039
2.40	2.50	80.0	150.0		0.724	0.056	0.051	0.061	0.061
