-2.40	-2.10	0.0	10.0		0.000	0.000	0.011	0.000	0.000
-2.40	-2.10	10.0	15.0		0.000	0.000	0.011	0.000	0.000
-2.40	-2.10	15.0	16.0		0.000	0.000	0.028	0.000	0.000
-2.40	-2.10	16.0	17.0		0.048	0.031	0.059	0.000	0.000
-2.40	-2.10	17.0	18.0		0.889	0.060	0.043	0.115	0.115
-2.40	-2.10	18.0	19.0		0.970	0.039	0.020	0.000	0.000
-2.40	-2.10	19.0	20.0		0.904	0.044	0.033	0.000	0.000
-2.40	-2.10	20.0	22.0		0.951	0.022	0.016	0.055	0.055
-2.40	-2.10	22.0	25.0		0.928	0.017	0.014	0.029	0.029
-2.40	-2.10	25.0	30.0		0.930	0.009	0.008	0.000	0.000
-2.40	-2.10	30.0	35.0		0.931	0.007	0.006	0.007	0.007
-2.40	-2.10	35.0	40.0		0.928	0.006	0.006	0.006	0.006
-2.40	-2.10	40.0	45.0		0.929	0.005	0.005	0.000	0.000
-2.40	-2.10	45.0	50.0		0.933	0.007	0.006	0.010	0.010
-2.40	-2.10	50.0	60.0		0.942	0.009	0.008	0.010	0.010
-2.40	-2.10	60.0	100.0		0.927	0.017	0.014	0.030	0.030
-2.40	-2.10	100.0	200.0		0.919	0.073	0.044	0.000	0.000
-2.10	-1.60	0.0	10.0		0.000	0.000	0.008	0.000	0.000
-2.10	-1.60	10.0	15.0		0.000	0.000	0.006	0.000	0.000
-2.10	-1.60	15.0	16.0		0.000	0.000	0.025	0.000	0.000
-2.10	-1.60	16.0	17.0		0.033	0.015	0.025	0.041	0.041
-2.10	-1.60	17.0	18.0		0.872	0.044	0.035	0.000	0.000
-2.10	-1.60	18.0	19.0		0.893	0.036	0.028	0.085	0.085
-2.10	-1.60	19.0	20.0		0.957	0.025	0.017	0.030	0.030
-2.10	-1.60	20.0	22.0		0.941	0.016	0.013	0.000	0.000
-2.10	-1.60	22.0	25.0		0.918	0.012	0.011	0.039	0.039
-2.10	-1.60	25.0	30.0		0.930	0.006	0.006	0.009	0.009
-2.10	-1.60	30.0	35.0		0.931	0.005	0.004	0.011	0.011
-2.10	-1.60	35.0	40.0		0.929	0.004	0.004	0.004	0.004
-2.10	-1.60	40.0	45.0		0.925	0.004	0.003	0.000	0.000
-2.10	-1.60	45.0	50.0		0.921	0.004	0.004	0.007	0.007
-2.10	-1.60	50.0	60.0		0.928	0.006	0.005	0.008	0.008
-2.10	-1.60	60.0	100.0		0.921	0.010	0.009	0.013	0.013
-2.10	-1.60	100.0	200.0		0.940	0.034	0.024	0.000	0.000
-1.60	-1.20	0.0	10.0		0.000	0.000	0.019	0.000	0.000
-1.60	-1.20	10.0	15.0		0.006	0.005	0.013	0.000	0.000
-1.60	-1.20	15.0	16.0		0.000	0.000	0.035	0.000	0.000
-1.60	-1.20	16.0	17.0		0.041	0.022	0.038	0.000	0.000
-1.60	-1.20	17.0	18.0		0.868	0.051	0.040	0.087	0.087
-1.60	-1.20	18.0	19.0		0.988	0.028	0.010	0.000	0.000
-1.60	-1.20	19.0	20.0		0.949	0.033	0.022	0.048	0.048
-1.60	-1.20	20.0	22.0		0.976	0.014	0.009	0.017	0.017
-1.60	-1.20	22.0	25.0		0.962	0.010	0.008	0.000	0.000
-1.60	-1.20	25.0	30.0		0.978	0.004	0.004	0.008	0.008
-1.60	-1.20	30.0	35.0		0.979	0.003	0.003	0.000	0.000
-1.60	-1.20	35.0	40.0		0.980	0.002	0.002	0.000	0.000
-1.60	-1.20	40.0	45.0		0.979	0.002	0.002	0.000	0.000
-1.60	-1.20	45.0	50.0		0.973	0.003	0.003	0.005	0.005
-1.60	-1.20	50.0	60.0		0.981	0.003	0.003	0.000	0.000
-1.60	-1.20	60.0	100.0		0.980	0.006	0.005	0.000	0.000
-1.60	-1.20	100.0	200.0		0.972	0.026	0.015	0.000	0.000
-1.20	-0.80	0.0	10.0		0.000	0.000	0.023	0.000	0.000
-1.20	-0.80	10.0	15.0		0.000	0.000	0.011	0.000	0.000
-1.20	-0.80	15.0	16.0		0.000	0.000	0.034	0.000	0.000
-1.20	-0.80	16.0	17.0		0.014	0.011	0.031	0.000	0.000
-1.20	-0.80	17.0	18.0		0.938	0.046	0.029	0.000	0.000
-1.20	-0.80	18.0	19.0		0.977	0.030	0.015	0.000	0.000
-1.20	-0.80	19.0	20.0		0.966	0.026	0.016	0.000	0.000
-1.20	-0.80	20.0	22.0		0.967	0.015	0.011	0.000	0.000
-1.20	-0.80	22.0	25.0		0.957	0.010	0.009	0.022	0.022
-1.20	-0.80	25.0	30.0		0.965	0.005	0.004	0.007	0.007
-1.20	-0.80	30.0	35.0		0.963	0.004	0.003	0.012	0.012
-1.20	-0.80	35.0	40.0		0.962	0.003	0.003	0.000	0.000
-1.20	-0.80	40.0	45.0		0.964	0.002	0.002	0.006	0.006
-1.20	-0.80	45.0	50.0		0.963	0.003	0.003	0.000	0.000
-1.20	-0.80	50.0	60.0		0.963	0.004	0.004	0.008	0.008
-1.20	-0.80	60.0	100.0		0.953	0.007	0.007	0.000	0.000
-1.20	-0.80	100.0	200.0		0.928	0.034	0.025	0.000	0.000
-0.80	-0.30	0.0	10.0		0.000	0.000	0.037	0.000	0.000
-0.80	-0.30	10.0	15.0		0.000	0.000	0.008	0.000	0.000
-0.80	-0.30	15.0	16.0		0.000	0.000	0.023	0.000	0.000
-0.80	-0.30	16.0	17.0		0.000	0.000	0.019	0.000	0.000
-0.80	-0.30	17.0	18.0		0.960	0.026	0.017	0.056	0.056
-0.80	-0.30	18.0	19.0		0.978	0.021	0.012	0.000	0.000
-0.80	-0.30	19.0	20.0		0.981	0.019	0.011	0.000	0.000
-0.80	-0.30	20.0	22.0		0.986	0.008	0.006	0.009	0.009
-0.80	-0.30	22.0	25.0		0.975	0.006	0.005	0.000	0.000
-0.80	-0.30	25.0	30.0		0.977	0.003	0.003	0.000	0.000
-0.80	-0.30	30.0	35.0		0.974	0.002	0.002	0.003	0.003
-0.80	-0.30	35.0	40.0		0.976	0.002	0.002	0.000	0.000
-0.80	-0.30	40.0	45.0		0.973	0.002	0.002	0.003	0.003
-0.80	-0.30	45.0	50.0		0.978	0.002	0.002	0.000	0.000
-0.80	-0.30	50.0	60.0		0.974	0.003	0.003	0.006	0.006
-0.80	-0.30	60.0	100.0		0.972	0.005	0.004	0.008	0.008
-0.80	-0.30	100.0	200.0		0.958	0.022	0.015	0.000	0.000
-0.30	-0.20	0.0	10.0		0.000	0.000	0.264	0.000	0.000
-0.30	-0.20	10.0	15.0		0.000	0.000	0.068	0.000	0.000
-0.30	-0.20	15.0	16.0		0.000	0.000	0.123	0.000	0.000
-0.30	-0.20	16.0	17.0		0.000	0.000	0.168	0.000	0.000
-0.30	-0.20	17.0	18.0		0.818	0.121	0.085	0.000	0.000
-0.30	-0.20	18.0	19.0		0.875	0.107	0.067	0.000	0.000
-0.30	-0.20	19.0	20.0		0.733	0.105	0.087	0.000	0.000
-0.30	-0.20	20.0	22.0		0.907	0.043	0.032	0.000	0.000
-0.30	-0.20	22.0	25.0		0.926	0.024	0.019	0.043	0.043
-0.30	-0.20	25.0	30.0		0.898	0.015	0.013	0.031	0.031
-0.30	-0.20	30.0	35.0		0.893	0.011	0.010	0.023	0.023
-0.30	-0.20	35.0	40.0		0.903	0.008	0.008	0.020	0.020
-0.30	-0.20	40.0	45.0		0.887	0.008	0.008	0.010	0.010
-0.30	-0.20	45.0	50.0		0.897	0.010	0.009	0.000	0.000
-0.30	-0.20	50.0	60.0		0.890	0.013	0.012	0.036	0.036
-0.30	-0.20	60.0	100.0		0.903	0.022	0.019	0.052	0.052
-0.30	-0.20	100.0	200.0		0.941	0.072	0.038	0.097	0.097
-0.20	0.20	0.0	10.0		0.000	0.000	0.066	0.000	0.000
-0.20	0.20	10.0	15.0		0.000	0.000	0.013	0.000	0.000
-0.20	0.20	15.0	16.0		0.000	0.000	0.032	0.000	0.000
-0.20	0.20	16.0	17.0		0.024	0.016	0.031	0.000	0.000
-0.20	0.20	17.0	18.0		0.906	0.043	0.032	0.000	0.000
-0.20	0.20	18.0	19.0		0.970	0.028	0.016	0.000	0.000
-0.20	0.20	19.0	20.0		0.968	0.021	0.014	0.000	0.000
-0.20	0.20	20.0	22.0		0.954	0.013	0.010	0.000	0.000
-0.20	0.20	22.0	25.0		0.969	0.007	0.006	0.011	0.011
-0.20	0.20	25.0	30.0		0.965	0.004	0.004	0.006	0.006
-0.20	0.20	30.0	35.0		0.972	0.003	0.002	0.000	0.000
-0.20	0.20	35.0	40.0		0.965	0.002	0.002	0.003	0.003
-0.20	0.20	40.0	45.0		0.966	0.002	0.002	0.000	0.000
-0.20	0.20	45.0	50.0		0.971	0.003	0.002	0.008	0.008
-0.20	0.20	50.0	60.0		0.974	0.003	0.003	0.004	0.004
-0.20	0.20	60.0	100.0		0.966	0.006	0.005	0.014	0.014
-0.20	0.20	100.0	200.0		0.967	0.025	0.015	0.000	0.000
0.20	0.30	0.0	10.0		0.000	0.000	0.264	0.000	0.000
0.20	0.30	10.0	15.0		0.000	0.000	0.050	0.000	0.000
0.20	0.30	15.0	16.0		0.000	0.000	0.231	0.000	0.000
0.20	0.30	16.0	17.0		0.000	0.000	0.132	0.000	0.000
0.20	0.30	17.0	18.0		1.000	0.054	0.000	0.179	0.179
0.20	0.30	18.0	19.0		0.926	0.089	0.048	0.000	0.000
0.20	0.30	19.0	20.0		1.000	0.060	0.000	0.087	0.087
0.20	0.30	20.0	22.0		0.899	0.046	0.034	0.000	0.000
0.20	0.30	22.0	25.0		0.901	0.027	0.022	0.058	0.058
0.20	0.30	25.0	30.0		0.906	0.014	0.012	0.025	0.025
0.20	0.30	30.0	35.0		0.900	0.010	0.009	0.012	0.012
0.20	0.30	35.0	40.0		0.916	0.008	0.007	0.000	0.000
0.20	0.30	40.0	45.0		0.896	0.008	0.007	0.015	0.015
0.20	0.30	45.0	50.0		0.902	0.009	0.009	0.022	0.022
0.20	0.30	50.0	60.0		0.901	0.013	0.012	0.016	0.016
0.20	0.30	60.0	100.0		0.902	0.022	0.018	0.060	0.060
0.20	0.30	100.0	200.0		0.889	0.096	0.060	0.000	0.000
0.30	0.80	0.0	10.0		0.000	0.000	0.042	0.000	0.000
0.30	0.80	10.0	15.0		0.000	0.000	0.008	0.000	0.000
0.30	0.80	15.0	16.0		0.000	0.000	0.018	0.000	0.000
0.30	0.80	16.0	17.0		0.011	0.009	0.024	0.000	0.000
0.30	0.80	17.0	18.0		0.939	0.032	0.022	0.000	0.000
0.30	0.80	18.0	19.0		0.969	0.023	0.015	0.000	0.000
0.30	0.80	19.0	20.0		0.973	0.018	0.011	0.000	0.000
0.30	0.80	20.0	22.0		0.978	0.010	0.007	0.010	0.010
0.30	0.80	22.0	25.0		0.981	0.006	0.005	0.007	0.007
0.30	0.80	25.0	30.0		0.976	0.003	0.003	0.000	0.000
0.30	0.80	30.0	35.0		0.975	0.002	0.002	0.003	0.003
0.30	0.80	35.0	40.0		0.974	0.002	0.002	0.000	0.000
0.30	0.80	40.0	45.0		0.975	0.002	0.002	0.003	0.003
0.30	0.80	45.0	50.0		0.972	0.002	0.002	0.005	0.005
0.30	0.80	50.0	60.0		0.973	0.003	0.003	0.000	0.000
0.30	0.80	60.0	100.0		0.968	0.005	0.005	0.008	0.008
0.30	0.80	100.0	200.0		0.954	0.022	0.016	0.000	0.000
0.80	1.20	0.0	10.0		0.000	0.000	0.028	0.000	0.000
0.80	1.20	10.0	15.0		0.000	0.000	0.011	0.000	0.000
0.80	1.20	15.0	16.0		0.000	0.000	0.039	0.000	0.000
0.80	1.20	16.0	17.0		0.082	0.035	0.052	0.000	0.000
0.80	1.20	17.0	18.0		0.900	0.050	0.036	0.000	0.000
0.80	1.20	18.0	19.0		0.940	0.039	0.026	0.000	0.000
0.80	1.20	19.0	20.0		0.970	0.028	0.016	0.000	0.000
0.80	1.20	20.0	22.0		0.955	0.018	0.014	0.000	0.000
0.80	1.20	22.0	25.0		0.963	0.010	0.008	0.000	0.000
0.80	1.20	25.0	30.0		0.965	0.005	0.005	0.000	0.000
0.80	1.20	30.0	35.0		0.962	0.004	0.003	0.000	0.000
0.80	1.20	35.0	40.0		0.957	0.003	0.003	0.000	0.000
0.80	1.20	40.0	45.0		0.961	0.002	0.002	0.003	0.003
0.80	1.20	45.0	50.0		0.956	0.003	0.003	0.007	0.007
0.80	1.20	50.0	60.0		0.951	0.005	0.004	0.017	0.017
0.80	1.20	60.0	100.0		0.964	0.007	0.006	0.000	0.000
0.80	1.20	100.0	200.0		0.959	0.027	0.018	0.000	0.000
1.20	1.60	0.0	10.0		0.000	0.000	0.018	0.000	0.000
1.20	1.60	10.0	15.0		0.006	0.005	0.013	0.000	0.000
1.20	1.60	15.0	16.0		0.000	0.000	0.034	0.000	0.000
1.20	1.60	16.0	17.0		0.065	0.035	0.059	0.000	0.000
1.20	1.60	17.0	18.0		0.940	0.038	0.025	0.000	0.000
1.20	1.60	18.0	19.0		0.975	0.032	0.016	0.000	0.000
1.20	1.60	19.0	20.0		0.967	0.031	0.018	0.000	0.000
1.20	1.60	20.0	22.0		0.980	0.013	0.008	0.023	0.023
1.20	1.60	22.0	25.0		0.975	0.009	0.007	0.014	0.014
1.20	1.60	25.0	30.0		0.971	0.005	0.004	0.007	0.007
1.20	1.60	30.0	35.0		0.976	0.003	0.003	0.010	0.010
1.20	1.60	35.0	40.0		0.972	0.003	0.003	0.007	0.007
1.20	1.60	40.0	45.0		0.969	0.002	0.002	0.004	0.004
1.20	1.60	45.0	50.0		0.969	0.003	0.003	0.000	0.000
1.20	1.60	50.0	60.0		0.974	0.004	0.003	0.000	0.000
1.20	1.60	60.0	100.0		0.974	0.007	0.005	0.000	0.000
1.20	1.60	100.0	200.0		0.961	0.030	0.019	0.000	0.000
1.60	2.10	0.0	10.0		0.000	0.000	0.009	0.000	0.000
1.60	2.10	10.0	15.0		0.004	0.003	0.008	0.000	0.000
1.60	2.10	15.0	16.0		0.000	0.000	0.018	0.000	0.000
1.60	2.10	16.0	17.0		0.000	0.000	0.024	0.000	0.000
1.60	2.10	17.0	18.0		0.866	0.044	0.035	0.056	0.056
1.60	2.10	18.0	19.0		0.922	0.031	0.024	0.060	0.060
1.60	2.10	19.0	20.0		0.923	0.036	0.026	0.000	0.000
1.60	2.10	20.0	22.0		0.951	0.016	0.012	0.023	0.023
1.60	2.10	22.0	25.0		0.926	0.012	0.010	0.013	0.013
1.60	2.10	25.0	30.0		0.923	0.007	0.006	0.010	0.010
1.60	2.10	30.0	35.0		0.926	0.005	0.005	0.000	0.000
1.60	2.10	35.0	40.0		0.925	0.004	0.004	0.006	0.006
1.60	2.10	40.0	45.0		0.914	0.004	0.004	0.011	0.011
1.60	2.10	45.0	50.0		0.918	0.005	0.004	0.006	0.006
1.60	2.10	50.0	60.0		0.911	0.006	0.006	0.012	0.012
1.60	2.10	60.0	100.0		0.910	0.011	0.010	0.000	0.000
1.60	2.10	100.0	200.0		0.950	0.038	0.024	0.106	0.106
2.10	2.40	0.0	10.0		0.000	0.000	0.013	0.000	0.000
2.10	2.40	10.0	15.0		0.000	0.000	0.012	0.000	0.000
2.10	2.40	15.0	16.0		0.000	0.000	0.039	0.000	0.000
2.10	2.40	16.0	17.0		0.040	0.026	0.050	0.000	0.000
2.10	2.40	17.0	18.0		0.821	0.059	0.049	0.000	0.000
2.10	2.40	18.0	19.0		0.812	0.059	0.049	0.107	0.107
2.10	2.40	19.0	20.0		0.914	0.043	0.031	0.000	0.000
2.10	2.40	20.0	22.0		0.893	0.032	0.026	0.000	0.000
2.10	2.40	22.0	25.0		0.918	0.019	0.016	0.054	0.054
2.10	2.40	25.0	30.0		0.896	0.011	0.010	0.012	0.012
2.10	2.40	30.0	35.0		0.900	0.008	0.008	0.012	0.012
2.10	2.40	35.0	40.0		0.907	0.007	0.006	0.013	0.013
2.10	2.40	40.0	45.0		0.901	0.007	0.006	0.000	0.000
2.10	2.40	45.0	50.0		0.905	0.008	0.007	0.020	0.020
2.10	2.40	50.0	60.0		0.876	0.012	0.011	0.042	0.042
2.10	2.40	60.0	100.0		0.853	0.021	0.019	0.026	0.026
2.10	2.40	100.0	200.0		0.939	0.074	0.039	0.000	0.000
