-2.40	-2.10	9.5	11.0		0.000	0.000	0.049	0.000	0.000
-2.40	-2.10	11.0	13.5		0.000	0.000	0.022	0.000	0.000
-2.40	-2.10	13.5	17.5		0.000	0.000	0.009	0.000	0.000
-2.40	-2.10	17.5	22.5		0.000	0.000	0.004	0.000	0.000
-2.40	-2.10	22.5	27.5		0.855	0.014	0.013	0.021	0.021
-2.40	-2.10	27.5	32.5		0.929	0.008	0.007	0.022	0.022
-2.40	-2.10	32.5	37.5		0.929	0.006	0.006	0.000	0.000
-2.40	-2.10	37.5	42.5		0.933	0.005	0.005	0.006	0.006
-2.40	-2.10	42.5	47.5		0.923	0.006	0.006	0.014	0.014
-2.40	-2.10	47.5	55.0		0.943	0.007	0.006	0.000	0.000
-2.40	-2.10	55.0	80.0		0.935	0.012	0.010	0.022	0.022
-2.40	-2.10	80.0	150.0		0.917	0.042	0.030	0.057	0.057
-2.10	-1.60	9.5	11.0		0.000	0.000	0.028	0.000	0.000
-2.10	-1.60	11.0	13.5		0.000	0.000	0.015	0.000	0.000
-2.10	-1.60	13.5	17.5		0.000	0.000	0.005	0.000	0.000
-2.10	-1.60	17.5	22.5		0.000	0.000	0.003	0.000	0.000
-2.10	-1.60	22.5	27.5		0.861	0.010	0.009	0.012	0.012
-2.10	-1.60	27.5	32.5		0.932	0.005	0.005	0.008	0.008
-2.10	-1.60	32.5	37.5		0.928	0.004	0.004	0.008	0.008
-2.10	-1.60	37.5	42.5		0.927	0.004	0.004	0.000	0.000
-2.10	-1.60	42.5	47.5		0.924	0.004	0.004	0.000	0.000
-2.10	-1.60	47.5	55.0		0.923	0.005	0.005	0.005	0.005
-2.10	-1.60	55.0	80.0		0.929	0.007	0.007	0.016	0.016
-2.10	-1.60	80.0	150.0		0.915	0.025	0.020	0.000	0.000
-1.60	-1.20	9.5	11.0		0.000	0.000	0.049	0.000	0.000
-1.60	-1.20	11.0	13.5		0.000	0.000	0.022	0.000	0.000
-1.60	-1.20	13.5	17.5		0.000	0.000	0.008	0.000	0.000
-1.60	-1.20	17.5	22.5		0.000	0.000	0.003	0.000	0.000
-1.60	-1.20	22.5	27.5		0.905	0.010	0.009	0.012	0.012
-1.60	-1.20	27.5	32.5		0.979	0.004	0.003	0.000	0.000
-1.60	-1.20	32.5	37.5		0.981	0.003	0.002	0.000	0.000
-1.60	-1.20	37.5	42.5		0.978	0.002	0.002	0.003	0.003
-1.60	-1.20	42.5	47.5		0.976	0.002	0.002	0.002	0.002
-1.60	-1.20	47.5	55.0		0.979	0.003	0.003	0.004	0.004
-1.60	-1.20	55.0	80.0		0.980	0.004	0.004	0.000	0.000
-1.60	-1.20	80.0	150.0		0.973	0.014	0.010	0.016	0.016
-1.20	-0.80	9.5	11.0		0.000	0.000	0.051	0.000	0.000
-1.20	-0.80	11.0	13.5		0.000	0.000	0.025	0.000	0.000
-1.20	-0.80	13.5	17.5		0.000	0.000	0.008	0.000	0.000
-1.20	-0.80	17.5	22.5		0.000	0.000	0.003	0.000	0.000
-1.20	-0.80	22.5	27.5		0.893	0.010	0.009	0.012	0.012
-1.20	-0.80	27.5	32.5		0.964	0.004	0.004	0.013	0.013
-1.20	-0.80	32.5	37.5		0.961	0.003	0.003	0.004	0.004
-1.20	-0.80	37.5	42.5		0.964	0.002	0.002	0.006	0.006
-1.20	-0.80	42.5	47.5		0.964	0.002	0.002	0.007	0.007
-1.20	-0.80	47.5	55.0		0.961	0.003	0.003	0.004	0.004
-1.20	-0.80	55.0	80.0		0.959	0.005	0.005	0.000	0.000
-1.20	-0.80	80.0	150.0		0.938	0.020	0.015	0.000	0.000
-0.80	-0.30	9.5	11.0		0.000	0.000	0.040	0.000	0.000
-0.80	-0.30	11.0	13.5		0.000	0.000	0.018	0.000	0.000
-0.80	-0.30	13.5	17.5		0.000	0.000	0.006	0.000	0.000
-0.80	-0.30	17.5	22.5		0.000	0.000	0.002	0.000	0.000
-0.80	-0.30	22.5	27.5		0.917	0.007	0.006	0.000	0.000
-0.80	-0.30	27.5	32.5		0.973	0.003	0.003	0.003	0.003
-0.80	-0.30	32.5	37.5		0.975	0.002	0.002	0.002	0.002
-0.80	-0.30	37.5	42.5		0.976	0.002	0.002	0.002	0.002
-0.80	-0.30	42.5	47.5		0.976	0.002	0.002	0.003	0.003
-0.80	-0.30	47.5	55.0		0.973	0.003	0.002	0.005	0.005
-0.80	-0.30	55.0	80.0		0.973	0.004	0.003	0.004	0.004
-0.80	-0.30	80.0	150.0		0.974	0.011	0.008	0.017	0.017
-0.30	-0.20	9.5	11.0		0.000	0.000	0.602	0.000	0.000
-0.30	-0.20	11.0	13.5		0.000	0.000	0.142	0.000	0.000
-0.30	-0.20	13.5	17.5		0.000	0.000	0.035	0.000	0.000
-0.30	-0.20	17.5	22.5		0.000	0.000	0.010	0.000	0.000
-0.30	-0.20	22.5	27.5		0.834	0.021	0.019	0.000	0.000
-0.30	-0.20	27.5	32.5		0.901	0.012	0.011	0.020	0.020
-0.30	-0.20	32.5	37.5		0.889	0.010	0.009	0.017	0.017
-0.30	-0.20	37.5	42.5		0.899	0.008	0.007	0.010	0.010
-0.30	-0.20	42.5	47.5		0.894	0.008	0.008	0.010	0.010
-0.30	-0.20	47.5	55.0		0.890	0.011	0.010	0.030	0.030
-0.30	-0.20	55.0	80.0		0.894	0.017	0.015	0.029	0.029
-0.30	-0.20	80.0	150.0		0.892	0.053	0.039	0.000	0.000
-0.20	0.20	9.5	11.0		0.000	0.000	0.074	0.000	0.000
-0.20	0.20	11.0	13.5		0.000	0.000	0.030	0.000	0.000
-0.20	0.20	13.5	17.5		0.000	0.000	0.008	0.000	0.000
-0.20	0.20	17.5	22.5		0.000	0.000	0.002	0.000	0.000
-0.20	0.20	22.5	27.5		0.902	0.008	0.007	0.000	0.000
-0.20	0.20	27.5	32.5		0.967	0.003	0.003	0.006	0.006
-0.20	0.20	32.5	37.5		0.970	0.002	0.002	0.000	0.000
-0.20	0.20	37.5	42.5		0.965	0.002	0.002	0.005	0.005
-0.20	0.20	42.5	47.5		0.967	0.002	0.002	0.000	0.000
-0.20	0.20	47.5	55.0		0.975	0.003	0.002	0.006	0.006
-0.20	0.20	55.0	80.0		0.969	0.005	0.004	0.011	0.011
-0.20	0.20	80.0	150.0		0.961	0.015	0.012	0.018	0.018
0.20	0.30	9.5	11.0		0.000	0.000	0.206	0.000	0.000
0.20	0.30	11.0	13.5		0.000	0.000	0.097	0.000	0.000
0.20	0.30	13.5	17.5		0.000	0.000	0.035	0.000	0.000
0.20	0.30	17.5	22.5		0.000	0.000	0.010	0.000	0.000
0.20	0.30	22.5	27.5		0.826	0.021	0.020	0.041	0.041
0.20	0.30	27.5	32.5		0.894	0.012	0.011	0.029	0.029
0.20	0.30	32.5	37.5		0.916	0.009	0.008	0.019	0.019
0.20	0.30	37.5	42.5		0.901	0.008	0.007	0.000	0.000
0.20	0.30	42.5	47.5		0.899	0.008	0.007	0.016	0.016
0.20	0.30	47.5	55.0		0.903	0.011	0.010	0.013	0.013
0.20	0.30	55.0	80.0		0.901	0.017	0.015	0.034	0.034
0.20	0.30	80.0	150.0		0.945	0.050	0.030	0.000	0.000
0.30	0.80	9.5	11.0		0.000	0.000	0.050	0.000	0.000
0.30	0.80	11.0	13.5		0.000	0.000	0.018	0.000	0.000
0.30	0.80	13.5	17.5		0.000	0.000	0.005	0.000	0.000
0.30	0.80	17.5	22.5		0.000	0.000	0.002	0.000	0.000
0.30	0.80	22.5	27.5		0.914	0.007	0.006	0.000	0.000
0.30	0.80	27.5	32.5		0.974	0.003	0.003	0.003	0.003
0.30	0.80	32.5	37.5		0.975	0.002	0.002	0.000	0.000
0.30	0.80	37.5	42.5		0.975	0.002	0.002	0.002	0.002
0.30	0.80	42.5	47.5		0.973	0.002	0.002	0.002	0.002
0.30	0.80	47.5	55.0		0.976	0.002	0.002	0.005	0.005
0.30	0.80	55.0	80.0		0.963	0.004	0.004	0.010	0.010
0.30	0.80	80.0	150.0		0.973	0.011	0.008	0.000	0.000
0.80	1.20	9.5	11.0		0.000	0.000	0.053	0.000	0.000
0.80	1.20	11.0	13.5		0.000	0.000	0.022	0.000	0.000
0.80	1.20	13.5	17.5		0.000	0.000	0.009	0.000	0.000
0.80	1.20	17.5	22.5		0.000	0.000	0.004	0.000	0.000
0.80	1.20	22.5	27.5		0.896	0.010	0.009	0.000	0.000
0.80	1.20	27.5	32.5		0.959	0.005	0.004	0.010	0.010
0.80	1.20	32.5	37.5		0.961	0.003	0.003	0.000	0.000
0.80	1.20	37.5	42.5		0.958	0.003	0.003	0.003	0.003
0.80	1.20	42.5	47.5		0.959	0.003	0.003	0.003	0.003
0.80	1.20	47.5	55.0		0.957	0.004	0.003	0.000	0.000
0.80	1.20	55.0	80.0		0.957	0.006	0.005	0.013	0.013
0.80	1.20	80.0	150.0		0.942	0.018	0.014	0.000	0.000
1.20	1.60	9.5	11.0		0.000	0.000	0.050	0.000	0.000
1.20	1.60	11.0	13.5		0.000	0.000	0.024	0.000	0.000
1.20	1.60	13.5	17.5		0.000	0.000	0.008	0.000	0.000
1.20	1.60	17.5	22.5		0.000	0.000	0.004	0.000	0.000
1.20	1.60	22.5	27.5		0.894	0.010	0.010	0.012	0.012
1.20	1.60	27.5	32.5		0.976	0.004	0.003	0.009	0.009
1.20	1.60	32.5	37.5		0.975	0.003	0.003	0.011	0.011
1.20	1.60	37.5	42.5		0.969	0.003	0.002	0.003	0.003
1.20	1.60	42.5	47.5		0.970	0.003	0.002	0.005	0.005
1.20	1.60	47.5	55.0		0.971	0.003	0.003	0.000	0.000
1.20	1.60	55.0	80.0		0.974	0.005	0.004	0.000	0.000
1.20	1.60	80.0	150.0		0.969	0.016	0.011	0.000	0.000
1.60	2.10	9.5	11.0		0.000	0.000	0.030	0.000	0.000
1.60	2.10	11.0	13.5		0.000	0.000	0.014	0.000	0.000
1.60	2.10	13.5	17.5		0.000	0.000	0.005	0.000	0.000
1.60	2.10	17.5	22.5		0.000	0.000	0.003	0.000	0.000
1.60	2.10	22.5	27.5		0.835	0.011	0.010	0.023	0.023
1.60	2.10	27.5	32.5		0.928	0.006	0.005	0.006	0.006
1.60	2.10	32.5	37.5		0.927	0.004	0.004	0.007	0.007
1.60	2.10	37.5	42.5		0.917	0.004	0.004	0.008	0.008
1.60	2.10	42.5	47.5		0.915	0.004	0.004	0.005	0.005
1.60	2.10	47.5	55.0		0.914	0.005	0.005	0.012	0.012
1.60	2.10	55.0	80.0		0.909	0.008	0.008	0.000	0.000
1.60	2.10	80.0	150.0		0.956	0.021	0.015	0.063	0.063
2.10	2.40	9.5	11.0		0.000	0.000	0.047	0.000	0.000
2.10	2.40	11.0	13.5		0.000	0.000	0.024	0.000	0.000
2.10	2.40	13.5	17.5		0.000	0.000	0.010	0.000	0.000
2.10	2.40	17.5	22.5		0.000	0.000	0.005	0.000	0.000
2.10	2.40	22.5	27.5		0.839	0.016	0.014	0.016	0.016
2.10	2.40	27.5	32.5		0.900	0.009	0.009	0.000	0.000
2.10	2.40	32.5	37.5		0.897	0.008	0.007	0.000	0.000
2.10	2.40	37.5	42.5		0.911	0.006	0.006	0.009	0.009
2.10	2.40	42.5	47.5		0.898	0.007	0.007	0.007	0.007
2.10	2.40	47.5	55.0		0.900	0.009	0.008	0.013	0.013
2.10	2.40	55.0	80.0		0.850	0.017	0.015	0.041	0.041
2.10	2.40	80.0	150.0		0.877	0.048	0.037	0.079	0.079
