-2.50	-2.40	5.0	15.0		0.000	0.000	0.015	0.000	0.000
-2.50	-2.40	15.0	25.0		0.000	0.000	0.004	0.000	0.000
-2.50	-2.40	25.0	31.0		0.000	0.000	0.003	0.000	0.000
-2.50	-2.40	31.0	32.5		0.005	0.004	0.010	0.000	0.000
-2.50	-2.40	32.5	33.5		0.025	0.012	0.019	0.000	0.000
-2.50	-2.40	33.5	34.5		0.095	0.021	0.026	0.000	0.000
-2.50	-2.40	34.5	35.5		0.193	0.028	0.031	0.034	0.034
-2.50	-2.40	35.5	36.5		0.297	0.029	0.031	0.000	0.000
-2.50	-2.40	36.5	37.5		0.456	0.031	0.031	0.063	0.063
-2.50	-2.40	37.5	39.0		0.549	0.023	0.023	0.026	0.026
-2.50	-2.40	39.0	42.5		0.603	0.013	0.013	0.000	0.000
-2.50	-2.40	42.5	47.5		0.667	0.010	0.010	0.035	0.035
-2.50	-2.40	47.5	55.0		0.667	0.014	0.014	0.016	0.016
-2.50	-2.40	55.0	80.0		0.790	0.027	0.025	0.054	0.054
-2.50	-2.40	80.0	150.0		0.818	0.077	0.060	0.098	0.098
-2.40	-2.30	5.0	15.0		0.000	0.000	0.016	0.000	0.000
-2.40	-2.30	15.0	25.0		0.000	0.000	0.004	0.000	0.000
-2.40	-2.30	25.0	31.0		0.002	0.001	0.004	0.000	0.000
-2.40	-2.30	31.0	32.5		0.000	0.000	0.007	0.000	0.000
-2.40	-2.30	32.5	33.5		0.019	0.009	0.015	0.000	0.000
-2.40	-2.30	33.5	34.5		0.067	0.017	0.022	0.041	0.041
-2.40	-2.30	34.5	35.5		0.298	0.030	0.032	0.000	0.000
-2.40	-2.30	35.5	36.5		0.571	0.032	0.031	0.078	0.078
-2.40	-2.30	36.5	37.5		0.673	0.028	0.027	0.050	0.050
-2.40	-2.30	37.5	39.0		0.740	0.020	0.019	0.000	0.000
-2.40	-2.30	39.0	42.5		0.804	0.010	0.009	0.000	0.000
-2.40	-2.30	42.5	47.5		0.819	0.008	0.008	0.000	0.000
-2.40	-2.30	47.5	55.0		0.839	0.011	0.010	0.020	0.020
-2.40	-2.30	55.0	80.0		0.870	0.023	0.020	0.027	0.027
-2.40	-2.30	80.0	150.0		0.977	0.051	0.019	0.179	0.179
-2.30	-2.20	5.0	15.0		0.000	0.000	0.016	0.000	0.000
-2.30	-2.20	15.0	25.0		0.000	0.000	0.004	0.000	0.000
-2.30	-2.20	25.0	31.0		0.000	0.000	0.003	0.000	0.000
-2.30	-2.20	31.0	32.5		0.007	0.005	0.009	0.000	0.000
-2.30	-2.20	32.5	33.5		0.022	0.009	0.015	0.000	0.000
-2.30	-2.20	33.5	34.5		0.075	0.017	0.020	0.062	0.062
-2.30	-2.20	34.5	35.5		0.317	0.028	0.029	0.033	0.033
-2.30	-2.20	35.5	36.5		0.568	0.029	0.028	0.042	0.042
-2.30	-2.20	36.5	37.5		0.709	0.026	0.025	0.000	0.000
-2.30	-2.20	37.5	39.0		0.780	0.018	0.017	0.022	0.022
-2.30	-2.20	39.0	42.5		0.834	0.009	0.009	0.011	0.011
-2.30	-2.20	42.5	47.5		0.860	0.007	0.007	0.010	0.010
-2.30	-2.20	47.5	55.0		0.880	0.010	0.009	0.000	0.000
-2.30	-2.20	55.0	80.0		0.878	0.022	0.019	0.023	0.023
-2.30	-2.20	80.0	150.0		0.920	0.059	0.038	0.142	0.142
-2.20	-2.10	5.0	15.0		0.000	0.000	0.013	0.000	0.000
-2.20	-2.10	15.0	25.0		0.002	0.002	0.004	0.005	0.005
-2.20	-2.10	25.0	31.0		0.004	0.002	0.004	0.000	0.000
-2.20	-2.10	31.0	32.5		0.009	0.005	0.009	0.000	0.000
-2.20	-2.10	32.5	33.5		0.030	0.011	0.016	0.000	0.000
-2.20	-2.10	33.5	34.5		0.158	0.023	0.026	0.036	0.036
-2.20	-2.10	34.5	35.5		0.350	0.029	0.030	0.052	0.052
-2.20	-2.10	35.5	36.5		0.619	0.028	0.027	0.000	0.000
-2.20	-2.10	36.5	37.5		0.726	0.023	0.022	0.029	0.029
-2.20	-2.10	37.5	39.0		0.819	0.016	0.015	0.030	0.030
-2.20	-2.10	39.0	42.5		0.842	0.008	0.008	0.000	0.000
-2.20	-2.10	42.5	47.5		0.849	0.007	0.006	0.000	0.000
-2.20	-2.10	47.5	55.0		0.889	0.009	0.008	0.000	0.000
-2.20	-2.10	55.0	80.0		0.906	0.018	0.015	0.000	0.000
-2.20	-2.10	80.0	150.0		0.925	0.056	0.036	0.000	0.000
-2.10	-1.57	5.0	15.0		0.000	0.000	0.002	0.000	0.000
-2.10	-1.57	15.0	25.0		0.006	0.001	0.002	0.005	0.005
-2.10	-1.57	25.0	31.0		0.009	0.001	0.001	0.000	0.000
-2.10	-1.57	31.0	32.5		0.019	0.003	0.004	0.000	0.000
-2.10	-1.57	32.5	33.5		0.053	0.006	0.006	0.000	0.000
-2.10	-1.57	33.5	34.5		0.156	0.008	0.009	0.012	0.012
-2.10	-1.57	34.5	35.5		0.414	0.011	0.011	0.027	0.027
-2.10	-1.57	35.5	36.5		0.611	0.010	0.010	0.000	0.000
-2.10	-1.57	36.5	37.5		0.735	0.009	0.008	0.015	0.015
-2.10	-1.57	37.5	39.0		0.812	0.006	0.006	0.011	0.011
-2.10	-1.57	39.0	42.5		0.845	0.003	0.003	0.004	0.004
-2.10	-1.57	42.5	47.5		0.870	0.002	0.002	0.004	0.004
-2.10	-1.57	47.5	55.0		0.875	0.003	0.003	0.000	0.000
-2.10	-1.57	55.0	80.0		0.903	0.006	0.006	0.016	0.016
-2.10	-1.57	80.0	150.0		0.942	0.015	0.012	0.000	0.000
-1.57	-1.44	5.0	15.0		0.000	0.000	0.016	0.000	0.000
-1.57	-1.44	15.0	25.0		0.005	0.003	0.005	0.009	0.009
-1.57	-1.44	25.0	31.0		0.018	0.005	0.006	0.016	0.016
-1.57	-1.44	31.0	32.5		0.053	0.012	0.015	0.000	0.000
-1.57	-1.44	32.5	33.5		0.124	0.020	0.023	0.000	0.000
-1.57	-1.44	33.5	34.5		0.170	0.022	0.024	0.052	0.052
-1.57	-1.44	34.5	35.5		0.361	0.026	0.027	0.033	0.033
-1.57	-1.44	35.5	36.5		0.598	0.026	0.025	0.053	0.053
-1.57	-1.44	36.5	37.5		0.729	0.022	0.021	0.023	0.023
-1.57	-1.44	37.5	39.0		0.818	0.015	0.014	0.072	0.072
-1.57	-1.44	39.0	42.5		0.790	0.009	0.009	0.000	0.000
-1.57	-1.44	42.5	47.5		0.843	0.007	0.007	0.000	0.000
-1.57	-1.44	47.5	55.0		0.846	0.010	0.010	0.011	0.011
-1.57	-1.44	55.0	80.0		0.887	0.020	0.018	0.078	0.078
-1.57	-1.44	80.0	150.0		0.889	0.055	0.040	0.099	0.099
-1.44	-0.80	5.0	15.0		0.000	0.000	0.002	0.000	0.000
-1.44	-0.80	15.0	25.0		0.002	0.001	0.001	0.001	0.001
-1.44	-0.80	25.0	31.0		0.004	0.001	0.001	0.001	0.001
-1.44	-0.80	31.0	32.5		0.006	0.001	0.002	0.000	0.000
-1.44	-0.80	32.5	33.5		0.016	0.002	0.003	0.007	0.007
-1.44	-0.80	33.5	34.5		0.107	0.005	0.006	0.009	0.009
-1.44	-0.80	34.5	35.5		0.404	0.008	0.008	0.029	0.029
-1.44	-0.80	35.5	36.5		0.705	0.007	0.007	0.000	0.000
-1.44	-0.80	36.5	37.5		0.801	0.006	0.006	0.010	0.010
-1.44	-0.80	37.5	39.0		0.831	0.004	0.004	0.008	0.008
-1.44	-0.80	39.0	42.5		0.852	0.002	0.002	0.003	0.003
-1.44	-0.80	42.5	47.5		0.870	0.002	0.002	0.003	0.003
-1.44	-0.80	47.5	55.0		0.887	0.003	0.002	0.009	0.009
-1.44	-0.80	55.0	80.0		0.912	0.005	0.004	0.008	0.008
-1.44	-0.80	80.0	150.0		0.950	0.009	0.008	0.012	0.012
-0.80	-0.40	5.0	15.0		0.000	0.000	0.003	0.000	0.000
-0.80	-0.40	15.0	25.0		0.001	0.000	0.001	0.000	0.000
-0.80	-0.40	25.0	31.0		0.001	0.000	0.001	0.000	0.000
-0.80	-0.40	31.0	32.5		0.003	0.001	0.001	0.000	0.000
-0.80	-0.40	32.5	33.5		0.006	0.002	0.002	0.005	0.005
-0.80	-0.40	33.5	34.5		0.076	0.005	0.006	0.000	0.000
-0.80	-0.40	34.5	35.5		0.445	0.009	0.010	0.000	0.000
-0.80	-0.40	35.5	36.5		0.749	0.008	0.008	0.009	0.009
-0.80	-0.40	36.5	37.5		0.822	0.007	0.006	0.014	0.014
-0.80	-0.40	37.5	39.0		0.844	0.005	0.005	0.009	0.009
-0.80	-0.40	39.0	42.5		0.855	0.003	0.003	0.000	0.000
-0.80	-0.40	42.5	47.5		0.871	0.002	0.002	0.004	0.004
-0.80	-0.40	47.5	55.0		0.895	0.003	0.003	0.003	0.003
-0.80	-0.40	55.0	80.0		0.918	0.006	0.005	0.007	0.007
-0.80	-0.40	80.0	150.0		0.954	0.012	0.010	0.000	0.000
-0.40	0.00	5.0	15.0		0.000	0.000	0.004	0.000	0.000
-0.40	0.00	15.0	25.0		0.000	0.000	0.001	0.000	0.000
-0.40	0.00	25.0	31.0		0.001	0.000	0.001	0.000	0.000
-0.40	0.00	31.0	32.5		0.002	0.001	0.001	0.002	0.002
-0.40	0.00	32.5	33.5		0.005	0.002	0.002	0.000	0.000
-0.40	0.00	33.5	34.5		0.046	0.004	0.005	0.008	0.008
-0.40	0.00	34.5	35.5		0.411	0.010	0.010	0.034	0.034
-0.40	0.00	35.5	36.5		0.792	0.008	0.007	0.000	0.000
-0.40	0.00	36.5	37.5		0.845	0.006	0.006	0.008	0.008
-0.40	0.00	37.5	39.0		0.848	0.005	0.005	0.005	0.005
-0.40	0.00	39.0	42.5		0.863	0.003	0.002	0.004	0.004
-0.40	0.00	42.5	47.5		0.878	0.002	0.002	0.002	0.002
-0.40	0.00	47.5	55.0		0.900	0.003	0.003	0.008	0.008
-0.40	0.00	55.0	80.0		0.920	0.005	0.005	0.007	0.007
-0.40	0.00	80.0	150.0		0.957	0.011	0.009	0.000	0.000
0.00	0.40	5.0	15.0		0.000	0.000	0.004	0.000	0.000
0.00	0.40	15.0	25.0		0.000	0.000	0.001	0.000	0.000
0.00	0.40	25.0	31.0		0.000	0.000	0.000	0.001	0.001
0.00	0.40	31.0	32.5		0.001	0.001	0.001	0.000	0.000
0.00	0.40	32.5	33.5		0.006	0.002	0.002	0.000	0.000
0.00	0.40	33.5	34.5		0.033	0.004	0.004	0.008	0.008
0.00	0.40	34.5	35.5		0.366	0.009	0.009	0.000	0.000
0.00	0.40	35.5	36.5		0.783	0.008	0.007	0.008	0.008
0.00	0.40	36.5	37.5		0.840	0.006	0.006	0.007	0.007
0.00	0.40	37.5	39.0		0.856	0.005	0.004	0.015	0.015
0.00	0.40	39.0	42.5		0.862	0.003	0.002	0.000	0.000
0.00	0.40	42.5	47.5		0.879	0.002	0.002	0.003	0.003
0.00	0.40	47.5	55.0		0.894	0.003	0.003	0.000	0.000
0.00	0.40	55.0	80.0		0.919	0.005	0.005	0.025	0.025
0.00	0.40	80.0	150.0		0.952	0.011	0.009	0.000	0.000
0.40	0.80	5.0	15.0		0.000	0.000	0.003	0.000	0.000
0.40	0.80	15.0	25.0		0.000	0.000	0.000	0.000	0.000
0.40	0.80	25.0	31.0		0.002	0.000	0.001	0.002	0.002
0.40	0.80	31.0	32.5		0.003	0.001	0.001	0.002	0.002
0.40	0.80	32.5	33.5		0.008	0.002	0.002	0.006	0.006
0.40	0.80	33.5	34.5		0.037	0.004	0.004	0.011	0.011
0.40	0.80	34.5	35.5		0.291	0.009	0.009	0.026	0.026
0.40	0.80	35.5	36.5		0.714	0.008	0.008	0.016	0.016
0.40	0.80	36.5	37.5		0.836	0.006	0.006	0.012	0.012
0.40	0.80	37.5	39.0		0.841	0.005	0.005	0.000	0.000
0.40	0.80	39.0	42.5		0.858	0.003	0.003	0.006	0.006
0.40	0.80	42.5	47.5		0.876	0.002	0.002	0.007	0.007
0.40	0.80	47.5	55.0		0.895	0.003	0.003	0.006	0.006
0.40	0.80	55.0	80.0		0.921	0.005	0.005	0.008	0.008
0.40	0.80	80.0	150.0		0.948	0.011	0.010	0.000	0.000
0.80	1.44	5.0	15.0		0.000	0.000	0.002	0.000	0.000
0.80	1.44	15.0	25.0		0.000	0.000	0.000	0.001	0.001
0.80	1.44	25.0	31.0		0.002	0.000	0.001	0.001	0.001
0.80	1.44	31.0	32.5		0.003	0.001	0.001	0.003	0.003
0.80	1.44	32.5	33.5		0.009	0.002	0.002	0.000	0.000
0.80	1.44	33.5	34.5		0.053	0.004	0.004	0.005	0.005
0.80	1.44	34.5	35.5		0.290	0.007	0.007	0.013	0.013
0.80	1.44	35.5	36.5		0.645	0.007	0.007	0.031	0.031
0.80	1.44	36.5	37.5		0.794	0.006	0.006	0.012	0.012
0.80	1.44	37.5	39.0		0.836	0.004	0.004	0.005	0.005
0.80	1.44	39.0	42.5		0.851	0.002	0.002	0.002	0.002
0.80	1.44	42.5	47.5		0.874	0.002	0.002	0.000	0.000
0.80	1.44	47.5	55.0		0.887	0.002	0.002	0.005	0.005
0.80	1.44	55.0	80.0		0.909	0.005	0.004	0.012	0.012
0.80	1.44	80.0	150.0		0.967	0.008	0.007	0.015	0.015
1.44	1.57	5.0	15.0		0.000	0.000	0.017	0.000	0.000
1.44	1.57	15.0	25.0		0.000	0.000	0.003	0.000	0.000
1.44	1.57	25.0	31.0		0.012	0.004	0.005	0.006	0.006
1.44	1.57	31.0	32.5		0.050	0.012	0.015	0.030	0.030
1.44	1.57	32.5	33.5		0.090	0.017	0.021	0.038	0.038
1.44	1.57	33.5	34.5		0.143	0.021	0.024	0.000	0.000
1.44	1.57	34.5	35.5		0.279	0.025	0.026	0.026	0.026
1.44	1.57	35.5	36.5		0.546	0.024	0.024	0.000	0.000
1.44	1.57	36.5	37.5		0.706	0.023	0.022	0.000	0.000
1.44	1.57	37.5	39.0		0.737	0.017	0.016	0.000	0.000
1.44	1.57	39.0	42.5		0.812	0.008	0.008	0.015	0.015
1.44	1.57	42.5	47.5		0.826	0.007	0.007	0.016	0.016
1.44	1.57	47.5	55.0		0.849	0.010	0.009	0.000	0.000
1.44	1.57	55.0	80.0		0.854	0.021	0.019	0.000	0.000
1.44	1.57	80.0	150.0		0.904	0.060	0.041	0.000	0.000
1.57	2.10	5.0	15.0		0.000	0.000	0.002	0.000	0.000
1.57	2.10	15.0	25.0		0.003	0.001	0.001	0.002	0.002
1.57	2.10	25.0	31.0		0.005	0.001	0.001	0.002	0.002
1.57	2.10	31.0	32.5		0.009	0.002	0.003	0.000	0.000
1.57	2.10	32.5	33.5		0.029	0.004	0.005	0.005	0.005
1.57	2.10	33.5	34.5		0.115	0.007	0.008	0.009	0.009
1.57	2.10	34.5	35.5		0.315	0.010	0.010	0.014	0.014
1.57	2.10	35.5	36.5		0.567	0.010	0.010	0.019	0.019
1.57	2.10	36.5	37.5		0.714	0.009	0.009	0.015	0.015
1.57	2.10	37.5	39.0		0.802	0.006	0.006	0.008	0.008
1.57	2.10	39.0	42.5		0.845	0.003	0.003	0.000	0.000
1.57	2.10	42.5	47.5		0.869	0.002	0.002	0.004	0.004
1.57	2.10	47.5	55.0		0.876	0.003	0.003	0.006	0.006
1.57	2.10	55.0	80.0		0.886	0.007	0.006	0.008	0.008
1.57	2.10	80.0	150.0		0.931	0.015	0.013	0.000	0.000
2.10	2.20	5.0	15.0		0.000	0.000	0.012	0.000	0.000
2.10	2.20	15.0	25.0		0.000	0.000	0.003	0.000	0.000
2.10	2.20	25.0	31.0		0.000	0.000	0.002	0.000	0.000
2.10	2.20	31.0	32.5		0.006	0.004	0.008	0.000	0.000
2.10	2.20	32.5	33.5		0.012	0.006	0.011	0.012	0.012
2.10	2.20	33.5	34.5		0.097	0.017	0.020	0.000	0.000
2.10	2.20	34.5	35.5		0.280	0.025	0.026	0.092	0.092
2.10	2.20	35.5	36.5		0.592	0.027	0.027	0.000	0.000
2.10	2.20	36.5	37.5		0.735	0.024	0.022	0.042	0.042
2.10	2.20	37.5	39.0		0.811	0.016	0.015	0.039	0.039
2.10	2.20	39.0	42.5		0.838	0.008	0.008	0.025	0.025
2.10	2.20	42.5	47.5		0.847	0.007	0.006	0.009	0.009
2.10	2.20	47.5	55.0		0.855	0.010	0.009	0.013	0.013
2.10	2.20	55.0	80.0		0.898	0.018	0.016	0.038	0.038
2.10	2.20	80.0	150.0		0.893	0.059	0.042	0.000	0.000
2.20	2.30	5.0	15.0		0.000	0.000	0.012	0.000	0.000
2.20	2.30	15.0	25.0		0.000	0.000	0.003	0.000	0.000
2.20	2.30	25.0	31.0		0.000	0.000	0.002	0.000	0.000
2.20	2.30	31.0	32.5		0.000	0.000	0.006	0.000	0.000
2.20	2.30	32.5	33.5		0.004	0.004	0.010	0.000	0.000
2.20	2.30	33.5	34.5		0.080	0.017	0.020	0.000	0.000
2.20	2.30	34.5	35.5		0.313	0.030	0.032	0.000	0.000
2.20	2.30	35.5	36.5		0.591	0.028	0.028	0.000	0.000
2.20	2.30	36.5	37.5		0.706	0.026	0.025	0.000	0.000
2.20	2.30	37.5	39.0		0.790	0.017	0.016	0.042	0.042
2.20	2.30	39.0	42.5		0.818	0.009	0.009	0.011	0.011
2.20	2.30	42.5	47.5		0.836	0.007	0.007	0.000	0.000
2.20	2.30	47.5	55.0		0.865	0.010	0.009	0.013	0.013
2.20	2.30	55.0	80.0		0.856	0.023	0.020	0.025	0.025
2.20	2.30	80.0	150.0		0.920	0.059	0.038	0.000	0.000
2.30	2.40	5.0	15.0		0.000	0.000	0.016	0.000	0.000
2.30	2.40	15.0	25.0		0.000	0.000	0.004	0.000	0.000
2.30	2.40	25.0	31.0		0.000	0.000	0.003	0.000	0.000
2.30	2.40	31.0	32.5		0.000	0.000	0.008	0.000	0.000
2.30	2.40	32.5	33.5		0.014	0.008	0.014	0.000	0.000
2.30	2.40	33.5	34.5		0.092	0.020	0.024	0.000	0.000
2.30	2.40	34.5	35.5		0.282	0.030	0.032	0.034	0.034
2.30	2.40	35.5	36.5		0.480	0.031	0.032	0.073	0.073
2.30	2.40	36.5	37.5		0.649	0.028	0.027	0.000	0.000
2.30	2.40	37.5	39.0		0.732	0.020	0.019	0.000	0.000
2.30	2.40	39.0	42.5		0.767	0.010	0.010	0.000	0.000
2.30	2.40	42.5	47.5		0.821	0.008	0.007	0.008	0.008
2.30	2.40	47.5	55.0		0.824	0.011	0.011	0.030	0.030
2.30	2.40	55.0	80.0		0.865	0.023	0.021	0.031	0.031
2.30	2.40	80.0	150.0		0.957	0.054	0.028	0.000	0.000
2.40	2.50	5.0	15.0		0.000	0.000	0.020	0.000	0.000
2.40	2.50	15.0	25.0		0.000	0.000	0.004	0.000	0.000
2.40	2.50	25.0	31.0		0.000	0.000	0.003	0.000	0.000
2.40	2.50	31.0	32.5		0.000	0.000	0.008	0.000	0.000
2.40	2.50	32.5	33.5		0.035	0.014	0.020	0.000	0.000
2.40	2.50	33.5	34.5		0.042	0.014	0.019	0.019	0.019
2.40	2.50	34.5	35.5		0.132	0.023	0.027	0.000	0.000
2.40	2.50	35.5	36.5		0.310	0.030	0.032	0.000	0.000
2.40	2.50	36.5	37.5		0.415	0.031	0.032	0.000	0.000
2.40	2.50	37.5	39.0		0.526	0.024	0.024	0.000	0.000
2.40	2.50	39.0	42.5		0.579	0.013	0.013	0.031	0.031
2.40	2.50	42.5	47.5		0.623	0.010	0.010	0.000	0.000
2.40	2.50	47.5	55.0		0.644	0.014	0.014	0.031	0.031
2.40	2.50	55.0	80.0		0.654	0.032	0.031	0.056	0.056
2.40	2.50	80.0	150.0		0.771	0.093	0.075	0.094	0.094
