-2.50	-2.40	0.0	20.0		0.002	0.001	0.001	0.004	0.004
-2.50	-2.40	20.0	23.0		0.079	0.007	0.007	0.008	0.008
-2.50	-2.40	23.0	24.0		0.378	0.019	0.020	0.046	0.046
-2.50	-2.40	24.0	25.0		0.625	0.018	0.018	0.045	0.045
-2.50	-2.40	25.0	26.0		0.750	0.017	0.016	0.044	0.044
-2.50	-2.40	26.0	30.0		0.807	0.007	0.007	0.009	0.009
-2.50	-2.40	30.0	35.0		0.837	0.005	0.005	0.014	0.014
-2.50	-2.40	35.0	40.0		0.863	0.003	0.003	0.007	0.007
-2.50	-2.40	40.0	45.0		0.882	0.003	0.003	0.004	0.004
-2.50	-2.40	45.0	50.0		0.888	0.003	0.003	0.009	0.009
-2.50	-2.40	50.0	60.0		0.902	0.004	0.004	0.000	0.000
-2.50	-2.40	60.0	100.0		0.936	0.006	0.005	0.006	0.006
-2.50	-2.40	100.0	200.0		0.958	0.014	0.011	0.015	0.015
-2.40	-2.30	0.0	20.0		0.001	0.001	0.001	0.001	0.001
-2.40	-2.30	20.0	23.0		0.069	0.006	0.007	0.000	0.000
-2.40	-2.30	23.0	24.0		0.478	0.020	0.020	0.000	0.000
-2.40	-2.30	24.0	25.0		0.731	0.017	0.016	0.000	0.000
-2.40	-2.30	25.0	26.0		0.880	0.012	0.011	0.017	0.017
-2.40	-2.30	26.0	30.0		0.939	0.004	0.004	0.000	0.000
-2.40	-2.30	30.0	35.0		0.958	0.002	0.002	0.003	0.003
-2.40	-2.30	35.0	40.0		0.969	0.002	0.002	0.002	0.002
-2.40	-2.30	40.0	45.0		0.972	0.001	0.001	0.002	0.002
-2.40	-2.30	45.0	50.0		0.975	0.002	0.001	0.000	0.000
-2.40	-2.30	50.0	60.0		0.979	0.002	0.002	0.000	0.000
-2.40	-2.30	60.0	100.0		0.988	0.003	0.002	0.008	0.008
-2.40	-2.30	100.0	200.0		0.994	0.008	0.004	0.000	0.000
-2.30	-2.20	0.0	20.0		0.002	0.001	0.001	0.000	0.000
-2.30	-2.20	20.0	23.0		0.087	0.006	0.007	0.012	0.012
-2.30	-2.20	23.0	24.0		0.487	0.019	0.019	0.000	0.000
-2.30	-2.20	24.0	25.0		0.714	0.017	0.016	0.000	0.000
-2.30	-2.20	25.0	26.0		0.856	0.012	0.011	0.000	0.000
-2.30	-2.20	26.0	30.0		0.925	0.004	0.004	0.006	0.006
-2.30	-2.20	30.0	35.0		0.957	0.002	0.002	0.003	0.003
-2.30	-2.20	35.0	40.0		0.960	0.002	0.002	0.000	0.000
-2.30	-2.20	40.0	45.0		0.963	0.001	0.001	0.000	0.000
-2.30	-2.20	45.0	50.0		0.971	0.002	0.002	0.004	0.004
-2.30	-2.20	50.0	60.0		0.977	0.002	0.002	0.003	0.003
-2.30	-2.20	60.0	100.0		0.991	0.002	0.002	0.002	0.002
-2.30	-2.20	100.0	200.0		0.998	0.005	0.002	0.010	0.010
-2.20	-2.10	0.0	20.0		0.004	0.001	0.001	0.002	0.002
-2.20	-2.10	20.0	23.0		0.095	0.007	0.007	0.010	0.010
-2.20	-2.10	23.0	24.0		0.530	0.018	0.018	0.019	0.019
-2.20	-2.10	24.0	25.0		0.774	0.015	0.014	0.032	0.032
-2.20	-2.10	25.0	26.0		0.861	0.012	0.011	0.014	0.014
-2.20	-2.10	26.0	30.0		0.916	0.004	0.004	0.009	0.009
-2.20	-2.10	30.0	35.0		0.942	0.003	0.002	0.010	0.010
-2.20	-2.10	35.0	40.0		0.957	0.002	0.002	0.005	0.005
-2.20	-2.10	40.0	45.0		0.961	0.001	0.001	0.002	0.002
-2.20	-2.10	45.0	50.0		0.972	0.001	0.001	0.002	0.002
-2.20	-2.10	50.0	60.0		0.974	0.002	0.002	0.000	0.000
-2.20	-2.10	60.0	100.0		0.992	0.002	0.002	0.005	0.005
-2.20	-2.10	100.0	200.0		0.992	0.006	0.004	0.000	0.000
-2.10	-1.57	0.0	20.0		0.009	0.001	0.001	0.004	0.004
-2.10	-1.57	20.0	23.0		0.146	0.003	0.003	0.006	0.006
-2.10	-1.57	23.0	24.0		0.585	0.007	0.007	0.000	0.000
-2.10	-1.57	24.0	25.0		0.777	0.006	0.006	0.007	0.007
-2.10	-1.57	25.0	26.0		0.881	0.004	0.004	0.000	0.000
-2.10	-1.57	26.0	30.0		0.932	0.001	0.001	0.003	0.003
-2.10	-1.57	30.0	35.0		0.948	0.001	0.001	0.002	0.002
-2.10	-1.57	35.0	40.0		0.960	0.001	0.001	0.001	0.001
-2.10	-1.57	40.0	45.0		0.970	0.000	0.000	0.000	0.000
-2.10	-1.57	45.0	50.0		0.976	0.001	0.001	0.001	0.001
-2.10	-1.57	50.0	60.0		0.977	0.001	0.001	0.001	0.001
-2.10	-1.57	60.0	100.0		0.983	0.001	0.001	0.000	0.000
-2.10	-1.57	100.0	200.0		0.993	0.002	0.001	0.002	0.002
-1.57	-1.44	0.0	20.0		0.020	0.002	0.003	0.013	0.013
-1.57	-1.44	20.0	23.0		0.203	0.009	0.009	0.016	0.016
-1.57	-1.44	23.0	24.0		0.594	0.018	0.018	0.042	0.042
-1.57	-1.44	24.0	25.0		0.760	0.016	0.015	0.055	0.055
-1.57	-1.44	25.0	26.0		0.831	0.013	0.012	0.020	0.020
-1.57	-1.44	26.0	30.0		0.877	0.005	0.005	0.010	0.010
-1.57	-1.44	30.0	35.0		0.908	0.003	0.003	0.004	0.004
-1.57	-1.44	35.0	40.0		0.926	0.002	0.002	0.006	0.006
-1.57	-1.44	40.0	45.0		0.943	0.002	0.002	0.002	0.002
-1.57	-1.44	45.0	50.0		0.949	0.002	0.002	0.004	0.004
-1.57	-1.44	50.0	60.0		0.949	0.003	0.003	0.006	0.006
-1.57	-1.44	60.0	100.0		0.945	0.005	0.004	0.000	0.000
-1.57	-1.44	100.0	200.0		0.974	0.009	0.007	0.016	0.016
-1.44	-0.80	0.0	20.0		0.004	0.000	0.000	0.002	0.002
-1.44	-0.80	20.0	23.0		0.095	0.002	0.002	0.000	0.000
-1.44	-0.80	23.0	24.0		0.618	0.005	0.005	0.000	0.000
-1.44	-0.80	24.0	25.0		0.822	0.004	0.004	0.007	0.007
-1.44	-0.80	25.0	26.0		0.878	0.003	0.003	0.013	0.013
-1.44	-0.80	26.0	30.0		0.916	0.001	0.001	0.002	0.002
-1.44	-0.80	30.0	35.0		0.938	0.001	0.001	0.000	0.000
-1.44	-0.80	35.0	40.0		0.952	0.001	0.001	0.002	0.002
-1.44	-0.80	40.0	45.0		0.960	0.000	0.000	0.001	0.001
-1.44	-0.80	45.0	50.0		0.961	0.001	0.001	0.000	0.000
-1.44	-0.80	50.0	60.0		0.964	0.001	0.001	0.001	0.001
-1.44	-0.80	60.0	100.0		0.970	0.001	0.001	0.001	0.001
-1.44	-0.80	100.0	200.0		0.983	0.002	0.002	0.000	0.000
-0.80	-0.40	0.0	20.0		0.001	0.000	0.000	0.000	0.000
-0.80	-0.40	20.0	23.0		0.088	0.002	0.002	0.009	0.009
-0.80	-0.40	23.0	24.0		0.702	0.006	0.006	0.010	0.010
-0.80	-0.40	24.0	25.0		0.875	0.004	0.004	0.000	0.000
-0.80	-0.40	25.0	26.0		0.906	0.004	0.003	0.000	0.000
-0.80	-0.40	26.0	30.0		0.924	0.001	0.001	0.000	0.000
-0.80	-0.40	30.0	35.0		0.940	0.001	0.001	0.002	0.002
-0.80	-0.40	35.0	40.0		0.952	0.001	0.001	0.001	0.001
-0.80	-0.40	40.0	45.0		0.959	0.001	0.001	0.001	0.001
-0.80	-0.40	45.0	50.0		0.964	0.001	0.001	0.001	0.001
-0.80	-0.40	50.0	60.0		0.968	0.001	0.001	0.000	0.000
-0.80	-0.40	60.0	100.0		0.981	0.001	0.001	0.001	0.001
-0.80	-0.40	100.0	200.0		0.991	0.002	0.001	0.002	0.002
-0.40	0.00	0.0	20.0		0.001	0.000	0.000	0.000	0.000
-0.40	0.00	20.0	23.0		0.065	0.002	0.002	0.004	0.004
-0.40	0.00	23.0	24.0		0.705	0.006	0.006	0.007	0.007
-0.40	0.00	24.0	25.0		0.885	0.004	0.004	0.007	0.007
-0.40	0.00	25.0	26.0		0.908	0.003	0.003	0.004	0.004
-0.40	0.00	26.0	30.0		0.925	0.001	0.001	0.003	0.003
-0.40	0.00	30.0	35.0		0.943	0.001	0.001	0.000	0.000
-0.40	0.00	35.0	40.0		0.957	0.001	0.001	0.001	0.001
-0.40	0.00	40.0	45.0		0.962	0.000	0.000	0.000	0.000
-0.40	0.00	45.0	50.0		0.967	0.001	0.001	0.001	0.001
-0.40	0.00	50.0	60.0		0.971	0.001	0.001	0.000	0.000
-0.40	0.00	60.0	100.0		0.982	0.001	0.001	0.003	0.003
-0.40	0.00	100.0	200.0		0.989	0.002	0.002	0.003	0.003
0.00	0.40	0.0	20.0		0.001	0.000	0.000	0.000	0.000
0.00	0.40	20.0	23.0		0.052	0.002	0.002	0.006	0.006
0.00	0.40	23.0	24.0		0.682	0.006	0.006	0.010	0.010
0.00	0.40	24.0	25.0		0.890	0.004	0.004	0.004	0.004
0.00	0.40	25.0	26.0		0.917	0.003	0.003	0.011	0.011
0.00	0.40	26.0	30.0		0.926	0.001	0.001	0.000	0.000
0.00	0.40	30.0	35.0		0.943	0.001	0.001	0.003	0.003
0.00	0.40	35.0	40.0		0.957	0.001	0.001	0.001	0.001
0.00	0.40	40.0	45.0		0.962	0.000	0.000	0.001	0.001
0.00	0.40	45.0	50.0		0.967	0.001	0.001	0.001	0.001
0.00	0.40	50.0	60.0		0.970	0.001	0.001	0.002	0.002
0.00	0.40	60.0	100.0		0.981	0.001	0.001	0.001	0.001
0.00	0.40	100.0	200.0		0.989	0.002	0.002	0.005	0.005
0.40	0.80	0.0	20.0		0.001	0.000	0.000	0.000	0.000
0.40	0.80	20.0	23.0		0.059	0.002	0.002	0.005	0.005
0.40	0.80	23.0	24.0		0.627	0.006	0.006	0.000	0.000
0.40	0.80	24.0	25.0		0.874	0.004	0.004	0.000	0.000
0.40	0.80	25.0	26.0		0.907	0.004	0.003	0.004	0.004
0.40	0.80	26.0	30.0		0.929	0.001	0.001	0.002	0.002
0.40	0.80	30.0	35.0		0.942	0.001	0.001	0.001	0.001
0.40	0.80	35.0	40.0		0.956	0.001	0.001	0.001	0.001
0.40	0.80	40.0	45.0		0.962	0.000	0.000	0.001	0.001
0.40	0.80	45.0	50.0		0.969	0.001	0.001	0.001	0.001
0.40	0.80	50.0	60.0		0.973	0.001	0.001	0.003	0.003
0.40	0.80	60.0	100.0		0.985	0.001	0.001	0.001	0.001
0.40	0.80	100.0	200.0		0.995	0.001	0.001	0.002	0.002
0.80	1.44	0.0	20.0		0.002	0.000	0.000	0.001	0.001
0.80	1.44	20.0	23.0		0.083	0.002	0.002	0.003	0.003
0.80	1.44	23.0	24.0		0.569	0.006	0.006	0.015	0.015
0.80	1.44	24.0	25.0		0.825	0.004	0.004	0.007	0.007
0.80	1.44	25.0	26.0		0.880	0.003	0.003	0.009	0.009
0.80	1.44	26.0	30.0		0.919	0.001	0.001	0.000	0.000
0.80	1.44	30.0	35.0		0.942	0.001	0.001	0.000	0.000
0.80	1.44	35.0	40.0		0.956	0.001	0.000	0.001	0.001
0.80	1.44	40.0	45.0		0.963	0.000	0.000	0.001	0.001
0.80	1.44	45.0	50.0		0.965	0.000	0.000	0.000	0.000
0.80	1.44	50.0	60.0		0.969	0.001	0.001	0.002	0.002
0.80	1.44	60.0	100.0		0.977	0.001	0.001	0.001	0.001
0.80	1.44	100.0	200.0		0.989	0.002	0.001	0.002	0.002
1.44	1.57	0.0	20.0		0.010	0.002	0.002	0.004	0.004
1.44	1.57	20.0	23.0		0.137	0.008	0.008	0.000	0.000
1.44	1.57	23.0	24.0		0.546	0.018	0.018	0.056	0.056
1.44	1.57	24.0	25.0		0.739	0.016	0.015	0.032	0.032
1.44	1.57	25.0	26.0		0.802	0.014	0.013	0.000	0.000
1.44	1.57	26.0	30.0		0.875	0.005	0.005	0.013	0.013
1.44	1.57	30.0	35.0		0.908	0.003	0.003	0.006	0.006
1.44	1.57	35.0	40.0		0.935	0.002	0.002	0.004	0.004
1.44	1.57	40.0	45.0		0.951	0.002	0.002	0.004	0.004
1.44	1.57	45.0	50.0		0.955	0.002	0.002	0.003	0.003
1.44	1.57	50.0	60.0		0.956	0.003	0.003	0.003	0.003
1.44	1.57	60.0	100.0		0.949	0.005	0.004	0.005	0.005
1.44	1.57	100.0	200.0		0.973	0.009	0.007	0.000	0.000
1.57	2.10	0.0	20.0		0.005	0.000	0.001	0.003	0.003
1.57	2.10	20.0	23.0		0.100	0.003	0.003	0.009	0.009
1.57	2.10	23.0	24.0		0.498	0.007	0.007	0.023	0.023
1.57	2.10	24.0	25.0		0.724	0.006	0.006	0.008	0.008
1.57	2.10	25.0	26.0		0.840	0.005	0.005	0.015	0.015
1.57	2.10	26.0	30.0		0.923	0.002	0.002	0.003	0.003
1.57	2.10	30.0	35.0		0.948	0.001	0.001	0.001	0.001
1.57	2.10	35.0	40.0		0.961	0.001	0.001	0.001	0.001
1.57	2.10	40.0	45.0		0.971	0.000	0.000	0.000	0.000
1.57	2.10	45.0	50.0		0.976	0.001	0.001	0.001	0.001
1.57	2.10	50.0	60.0		0.976	0.001	0.001	0.001	0.001
1.57	2.10	60.0	100.0		0.984	0.001	0.001	0.002	0.002
1.57	2.10	100.0	200.0		0.991	0.002	0.002	0.003	0.003
2.10	2.20	0.0	20.0		0.001	0.001	0.001	0.001	0.001
2.10	2.20	20.0	23.0		0.088	0.006	0.007	0.000	0.000
2.10	2.20	23.0	24.0		0.459	0.018	0.018	0.040	0.040
2.10	2.20	24.0	25.0		0.728	0.016	0.015	0.017	0.017
2.10	2.20	25.0	26.0		0.851	0.012	0.012	0.024	0.024
2.10	2.20	26.0	30.0		0.906	0.004	0.004	0.009	0.009
2.10	2.20	30.0	35.0		0.947	0.002	0.002	0.005	0.005
2.10	2.20	35.0	40.0		0.956	0.002	0.002	0.003	0.003
2.10	2.20	40.0	45.0		0.963	0.001	0.001	0.006	0.006
2.10	2.20	45.0	50.0		0.969	0.002	0.002	0.000	0.000
2.10	2.20	50.0	60.0		0.972	0.002	0.002	0.004	0.004
2.10	2.20	60.0	100.0		0.986	0.003	0.002	0.000	0.000
2.10	2.20	100.0	200.0		0.996	0.006	0.003	0.000	0.000
2.20	2.30	0.0	20.0		0.001	0.000	0.001	0.000	0.000
2.20	2.30	20.0	23.0		0.069	0.006	0.006	0.012	0.012
2.20	2.30	23.0	24.0		0.461	0.018	0.018	0.019	0.019
2.20	2.30	24.0	25.0		0.694	0.017	0.016	0.029	0.029
2.20	2.30	25.0	26.0		0.853	0.013	0.012	0.028	0.028
2.20	2.30	26.0	30.0		0.917	0.004	0.004	0.006	0.006
2.20	2.30	30.0	35.0		0.955	0.002	0.002	0.004	0.004
2.20	2.30	35.0	40.0		0.961	0.002	0.002	0.000	0.000
2.20	2.30	40.0	45.0		0.961	0.002	0.001	0.002	0.002
2.20	2.30	45.0	50.0		0.968	0.002	0.002	0.002	0.002
2.20	2.30	50.0	60.0		0.978	0.002	0.002	0.003	0.003
2.20	2.30	60.0	100.0		0.987	0.003	0.002	0.006	0.006
2.20	2.30	100.0	200.0		0.998	0.005	0.002	0.000	0.000
2.30	2.40	0.0	20.0		0.001	0.000	0.001	0.001	0.001
2.30	2.40	20.0	23.0		0.060	0.006	0.006	0.008	0.008
2.30	2.40	23.0	24.0		0.384	0.018	0.019	0.000	0.000
2.30	2.40	24.0	25.0		0.686	0.017	0.017	0.022	0.022
2.30	2.40	25.0	26.0		0.842	0.013	0.013	0.021	0.021
2.30	2.40	26.0	30.0		0.926	0.004	0.004	0.016	0.016
2.30	2.40	30.0	35.0		0.957	0.002	0.002	0.000	0.000
2.30	2.40	35.0	40.0		0.965	0.002	0.002	0.003	0.003
2.30	2.40	40.0	45.0		0.972	0.001	0.001	0.003	0.003
2.30	2.40	45.0	50.0		0.975	0.002	0.001	0.003	0.003
2.30	2.40	50.0	60.0		0.979	0.002	0.002	0.000	0.000
2.30	2.40	60.0	100.0		0.991	0.002	0.002	0.000	0.000
2.30	2.40	100.0	200.0		0.994	0.007	0.004	0.008	0.008
2.40	2.50	0.0	20.0		0.004	0.001	0.002	0.002	0.002
2.40	2.50	20.0	23.0		0.061	0.006	0.006	0.000	0.000
2.40	2.50	23.0	24.0		0.311	0.019	0.019	0.000	0.000
2.40	2.50	24.0	25.0		0.526	0.020	0.020	0.000	0.000
2.40	2.50	25.0	26.0		0.682	0.018	0.018	0.000	0.000
2.40	2.50	26.0	30.0		0.776	0.007	0.007	0.014	0.014
2.40	2.50	30.0	35.0		0.794	0.005	0.005	0.006	0.006
2.40	2.50	35.0	40.0		0.809	0.004	0.004	0.005	0.005
2.40	2.50	40.0	45.0		0.812	0.003	0.003	0.008	0.008
2.40	2.50	45.0	50.0		0.818	0.004	0.004	0.004	0.004
2.40	2.50	50.0	60.0		0.829	0.005	0.005	0.011	0.011
2.40	2.50	60.0	100.0		0.838	0.009	0.008	0.000	0.000
2.40	2.50	100.0	200.0		0.866	0.024	0.021	0.084	0.084
