-2.50	-2.10	0.0	10.0		0.009	0.002	0.002	0.007	0.003
-2.50	-2.10	10.0	11.0		0.014	0.004	0.005	0.006	0.000
-2.50	-2.10	11.0	12.0		0.097	0.010	0.010	0.016	0.006
-2.50	-2.10	12.0	13.0		0.293	0.013	0.014	0.011	0.017
-2.50	-2.10	13.0	14.0		0.496	0.014	0.014	0.010	0.041
-2.50	-2.10	14.0	15.0		0.669	0.012	0.012	0.036	0.000
-2.50	-2.10	15.0	20.0		0.762	0.004	0.004	0.002	0.000
-2.50	-2.10	20.0	25.0		0.847	0.003	0.003	0.001	0.002
-2.50	-2.10	25.0	30.0		0.890	0.002	0.002	0.004	0.000
-2.50	-2.10	30.0	35.0		0.918	0.001	0.001	0.002	0.000
-2.50	-2.10	35.0	40.0		0.928	0.001	0.001	0.000	0.003
-2.50	-2.10	40.0	45.0		0.941	0.001	0.001	0.000	0.002
-2.50	-2.10	45.0	50.0		0.951	0.001	0.001	0.003	0.000
-2.50	-2.10	50.0	60.0		0.957	0.001	0.001	0.002	0.000
-2.50	-2.10	60.0	100.0		0.974	0.002	0.002	0.002	0.002
-2.50	-2.10	100.0	200.0		0.984	0.004	0.003	0.001	0.006
-2.10	-1.60	0.0	10.0		0.007	0.001	0.001	0.005	0.003
-2.10	-1.60	10.0	11.0		0.022	0.004	0.004	0.006	0.002
-2.10	-1.60	11.0	12.0		0.127	0.008	0.009	0.000	0.009
-2.10	-1.60	12.0	13.0		0.351	0.011	0.011	0.008	0.002
-2.10	-1.60	13.0	14.0		0.565	0.011	0.011	0.007	0.014
-2.10	-1.60	14.0	15.0		0.711	0.009	0.009	0.023	0.000
-2.10	-1.60	15.0	20.0		0.838	0.003	0.003	0.005	0.006
-2.10	-1.60	20.0	25.0		0.900	0.002	0.002	0.002	0.002
-2.10	-1.60	25.0	30.0		0.929	0.001	0.001	0.002	0.002
-2.10	-1.60	30.0	35.0		0.941	0.001	0.001	0.000	0.002
-2.10	-1.60	35.0	40.0		0.954	0.001	0.001	0.001	0.002
-2.10	-1.60	40.0	45.0		0.966	0.000	0.000	0.000	0.001
-2.10	-1.60	45.0	50.0		0.972	0.001	0.001	0.000	0.001
-2.10	-1.60	50.0	60.0		0.974	0.001	0.001	0.002	0.000
-2.10	-1.60	60.0	100.0		0.980	0.001	0.001	0.001	0.002
-2.10	-1.60	100.0	200.0		0.991	0.002	0.002	0.000	0.002
-1.60	-1.40	0.0	10.0		0.003	0.001	0.002	0.001	0.009
-1.60	-1.40	10.0	11.0		0.016	0.006	0.009	0.000	0.021
-1.60	-1.40	11.0	12.0		0.166	0.017	0.018	0.012	0.014
-1.60	-1.40	12.0	13.0		0.347	0.020	0.021	0.006	0.017
-1.60	-1.40	13.0	14.0		0.590	0.019	0.019	0.030	0.028
-1.60	-1.40	14.0	15.0		0.636	0.017	0.017	0.001	0.036
-1.60	-1.40	15.0	20.0		0.782	0.005	0.005	0.009	0.012
-1.60	-1.40	20.0	25.0		0.844	0.004	0.003	0.006	0.006
-1.60	-1.40	25.0	30.0		0.869	0.003	0.003	0.004	0.001
-1.60	-1.40	30.0	35.0		0.891	0.002	0.002	0.001	0.000
-1.60	-1.40	35.0	40.0		0.917	0.001	0.001	0.003	0.001
-1.60	-1.40	40.0	45.0		0.931	0.001	0.001	0.000	0.001
-1.60	-1.40	45.0	50.0		0.943	0.001	0.001	0.002	0.000
-1.60	-1.40	50.0	60.0		0.943	0.002	0.002	0.005	0.000
-1.60	-1.40	60.0	100.0		0.952	0.003	0.002	0.014	0.000
-1.60	-1.40	100.0	200.0		0.972	0.005	0.004	0.000	0.006
-1.40	-0.80	0.0	10.0		0.002	0.001	0.001	0.001	0.003
-1.40	-0.80	10.0	11.0		0.008	0.002	0.003	0.002	0.001
-1.40	-0.80	11.0	12.0		0.149	0.008	0.009	0.002	0.011
-1.40	-0.80	12.0	13.0		0.493	0.011	0.011	0.000	0.017
-1.40	-0.80	13.0	14.0		0.708	0.009	0.009	0.016	0.002
-1.40	-0.80	14.0	15.0		0.778	0.008	0.008	0.001	0.016
-1.40	-0.80	15.0	20.0		0.870	0.002	0.002	0.008	0.010
-1.40	-0.80	20.0	25.0		0.895	0.001	0.001	0.002	0.004
-1.40	-0.80	25.0	30.0		0.909	0.001	0.001	0.000	0.002
-1.40	-0.80	30.0	35.0		0.930	0.001	0.001	0.002	0.001
-1.40	-0.80	35.0	40.0		0.946	0.001	0.001	0.001	0.000
-1.40	-0.80	40.0	45.0		0.955	0.000	0.000	0.001	0.000
-1.40	-0.80	45.0	50.0		0.956	0.001	0.001	0.000	0.000
-1.40	-0.80	50.0	60.0		0.959	0.001	0.001	0.001	0.001
-1.40	-0.80	60.0	100.0		0.968	0.001	0.001	0.001	0.000
-1.40	-0.80	100.0	200.0		0.983	0.002	0.002	0.003	0.000
-0.80	0.00	0.0	10.0		0.002	0.001	0.001	0.001	0.000
-0.80	0.00	10.0	11.0		0.011	0.002	0.003	0.000	0.003
-0.80	0.00	11.0	12.0		0.182	0.008	0.008	0.004	0.006
-0.80	0.00	12.0	13.0		0.666	0.009	0.009	0.014	0.009
-0.80	0.00	13.0	14.0		0.857	0.006	0.006	0.017	0.003
-0.80	0.00	14.0	15.0		0.886	0.005	0.005	0.009	0.007
-0.80	0.00	15.0	20.0		0.910	0.001	0.001	0.008	0.006
-0.80	0.00	20.0	25.0		0.904	0.001	0.001	0.002	0.004
-0.80	0.00	25.0	30.0		0.915	0.001	0.001	0.001	0.002
-0.80	0.00	30.0	35.0		0.935	0.001	0.001	0.001	0.001
-0.80	0.00	35.0	40.0		0.949	0.000	0.000	0.001	0.000
-0.80	0.00	40.0	45.0		0.957	0.000	0.000	0.001	0.000
-0.80	0.00	45.0	50.0		0.963	0.000	0.000	0.000	0.001
-0.80	0.00	50.0	60.0		0.967	0.001	0.001	0.001	0.000
-0.80	0.00	60.0	100.0		0.979	0.001	0.001	0.000	0.002
-0.80	0.00	100.0	200.0		0.989	0.001	0.001	0.001	0.002
0.00	0.80	0.0	10.0		0.001	0.000	0.000	0.000	0.001
0.00	0.80	10.0	11.0		0.013	0.003	0.003	0.005	0.000
0.00	0.80	11.0	12.0		0.135	0.007	0.007	0.000	0.012
0.00	0.80	12.0	13.0		0.637	0.009	0.009	0.006	0.017
0.00	0.80	13.0	14.0		0.847	0.006	0.006	0.014	0.013
0.00	0.80	14.0	15.0		0.894	0.005	0.004	0.012	0.006
0.00	0.80	15.0	20.0		0.909	0.001	0.001	0.004	0.007
0.00	0.80	20.0	25.0		0.904	0.001	0.001	0.001	0.005
0.00	0.80	25.0	30.0		0.917	0.001	0.001	0.001	0.001
0.00	0.80	30.0	35.0		0.935	0.001	0.001	0.000	0.001
0.00	0.80	35.0	40.0		0.951	0.000	0.000	0.000	0.000
0.00	0.80	40.0	45.0		0.958	0.000	0.000	0.000	0.001
0.00	0.80	45.0	50.0		0.964	0.000	0.000	0.000	0.000
0.00	0.80	50.0	60.0		0.969	0.000	0.000	0.001	0.000
0.00	0.80	60.0	100.0		0.981	0.001	0.001	0.002	0.000
0.00	0.80	100.0	200.0		0.992	0.001	0.001	0.000	0.002
0.80	1.40	0.0	10.0		0.001	0.000	0.001	0.000	0.001
0.80	1.40	10.0	11.0		0.008	0.002	0.003	0.004	0.002
0.80	1.40	11.0	12.0		0.117	0.008	0.008	0.006	0.001
0.80	1.40	12.0	13.0		0.439	0.011	0.011	0.009	0.012
0.80	1.40	13.0	14.0		0.685	0.009	0.009	0.016	0.006
0.80	1.40	14.0	15.0		0.796	0.007	0.007	0.021	0.014
0.80	1.40	15.0	20.0		0.869	0.002	0.002	0.010	0.011
0.80	1.40	20.0	25.0		0.899	0.001	0.001	0.001	0.007
0.80	1.40	25.0	30.0		0.913	0.001	0.001	0.001	0.000
0.80	1.40	30.0	35.0		0.933	0.001	0.001	0.001	0.000
0.80	1.40	35.0	40.0		0.947	0.001	0.001	0.000	0.001
0.80	1.40	40.0	45.0		0.959	0.000	0.000	0.001	0.000
0.80	1.40	45.0	50.0		0.959	0.001	0.001	0.000	0.001
0.80	1.40	50.0	60.0		0.964	0.001	0.001	0.000	0.001
0.80	1.40	60.0	100.0		0.971	0.001	0.001	0.000	0.001
0.80	1.40	100.0	200.0		0.987	0.002	0.001	0.002	0.002
1.40	1.60	0.0	10.0		0.002	0.001	0.002	0.000	0.002
1.40	1.60	10.0	11.0		0.012	0.005	0.008	0.000	0.008
1.40	1.60	11.0	12.0		0.081	0.012	0.014	0.000	0.021
1.40	1.60	12.0	13.0		0.365	0.021	0.021	0.032	0.001
1.40	1.60	13.0	14.0		0.533	0.020	0.020	0.020	0.005
1.40	1.60	14.0	15.0		0.650	0.017	0.017	0.030	0.057
1.40	1.60	15.0	20.0		0.771	0.005	0.005	0.016	0.015
1.40	1.60	20.0	25.0		0.845	0.004	0.004	0.000	0.010
1.40	1.60	25.0	30.0		0.876	0.003	0.003	0.001	0.005
1.40	1.60	30.0	35.0		0.897	0.002	0.002	0.002	0.002
1.40	1.60	35.0	40.0		0.923	0.001	0.001	0.001	0.001
1.40	1.60	40.0	45.0		0.938	0.001	0.001	0.002	0.000
1.40	1.60	45.0	50.0		0.946	0.001	0.001	0.001	0.001
1.40	1.60	50.0	60.0		0.945	0.002	0.002	0.001	0.002
1.40	1.60	60.0	100.0		0.952	0.003	0.003	0.002	0.003
1.40	1.60	100.0	200.0		0.975	0.005	0.004	0.000	0.007
1.60	2.10	0.0	10.0		0.005	0.001	0.001	0.004	0.002
1.60	2.10	10.0	11.0		0.016	0.003	0.004	0.003	0.005
1.60	2.10	11.0	12.0		0.127	0.008	0.009	0.022	0.000
1.60	2.10	12.0	13.0		0.360	0.011	0.011	0.036	0.000
1.60	2.10	13.0	14.0		0.550	0.011	0.011	0.038	0.016
1.60	2.10	14.0	15.0		0.680	0.009	0.009	0.046	0.020
1.60	2.10	15.0	20.0		0.825	0.003	0.003	0.023	0.010
1.60	2.10	20.0	25.0		0.894	0.002	0.002	0.000	0.009
1.60	2.10	25.0	30.0		0.929	0.001	0.001	0.001	0.000
1.60	2.10	30.0	35.0		0.943	0.001	0.001	0.001	0.000
1.60	2.10	35.0	40.0		0.956	0.001	0.001	0.001	0.001
1.60	2.10	40.0	45.0		0.968	0.000	0.000	0.000	0.001
1.60	2.10	45.0	50.0		0.974	0.001	0.001	0.000	0.000
1.60	2.10	50.0	60.0		0.974	0.001	0.001	0.001	0.000
1.60	2.10	60.0	100.0		0.981	0.001	0.001	0.001	0.001
1.60	2.10	100.0	200.0		0.990	0.002	0.002	0.002	0.002
2.10	2.50	0.0	10.0		0.009	0.002	0.002	0.005	0.008
2.10	2.50	10.0	11.0		0.015	0.004	0.006	0.009	0.000
2.10	2.50	11.0	12.0		0.068	0.008	0.009	0.000	0.012
2.10	2.50	12.0	13.0		0.262	0.013	0.014	0.031	0.004
2.10	2.50	13.0	14.0		0.504	0.014	0.014	0.008	0.011
2.10	2.50	14.0	15.0		0.656	0.012	0.012	0.021	0.000
2.10	2.50	15.0	20.0		0.764	0.004	0.004	0.009	0.004
2.10	2.50	20.0	25.0		0.847	0.003	0.003	0.004	0.001
2.10	2.50	25.0	30.0		0.882	0.002	0.002	0.001	0.003
2.10	2.50	30.0	35.0		0.910	0.001	0.001	0.002	0.001
2.10	2.50	35.0	40.0		0.919	0.001	0.001	0.001	0.001
2.10	2.50	40.0	45.0		0.926	0.001	0.001	0.002	0.001
2.10	2.50	45.0	50.0		0.932	0.001	0.001	0.002	0.000
2.10	2.50	50.0	60.0		0.937	0.002	0.001	0.000	0.002
2.10	2.50	60.0	100.0		0.951	0.002	0.002	0.001	0.002
2.10	2.50	100.0	200.0		0.961	0.005	0.005	0.002	0.007
